0	0	0.854	0.415102	0.035326	0.116961	0.00125258
0	0.01	0.8645	0.429579	0.0457739	0.114394	0.00152486
0	0.02	0.8895	0.439034	0.0541378	0.112151	0.00157155
0	0.03	0.897	0.451263	0.0603397	0.109633	0.00142771
0	0.04	0.9045	0.463992	0.0656549	0.109194	0.00154168
0	0.05	0.91	0.47631	0.0656677	0.107781	0.00173342
0	0.06	0.9005	0.48758	0.0663976	0.104884	0.00167365
0	0.07	0.91	0.499201	0.0663638	0.101341	0.00192204
0	0.08	0.897	0.512979	0.0714304	0.0974136	0.00147634
0	0.09	0.875	0.525679	0.0666966	0.0949756	0.00143721
0	0.1	0.9115	0.534985	0.0776845	0.0927901	0.00144061
0	0.11	0.9065	0.542812	0.0755904	0.090645	0.00153949
0	0.12	0.913	0.544079	0.076904	0.0904307	0.00160243
0	0.13	0.901	0.553089	0.0711334	0.0881519	0.00179169
0	0.14	0.908	0.5577	0.0766316	0.0867219	0.0016603
0	0.15	0.9435	0.559084	0.0876819	0.0853162	0.00167693
0	0.16	0.9395	0.560473	0.0860448	0.0859419	0.00296185
0	0.17	0.9065	0.577265	0.0604933	0.0821905	0.00266006
0	0.18	0.928	0.586192	0.0875719	0.0780771	0.00286969
0	0.19	0.9375	0.585815	0.0973955	0.0778981	0.00256382
0	0.2	0.919	0.598833	0.0810813	0.0734305	0.00286435
0	0.21	0.9075	0.608814	0.0693608	0.0707566	0.00306786
0	0.22	0.9445	0.605442	0.0915236	0.069771	0.00308223
0	0.23	0.9285	0.61453	0.07591	0.0672164	0.00320587
0	0.24	0.931	0.615078	0.0780268	0.0670095	0.00345264
0	0.25	0.936	0.614893	0.0892685	0.0671696	0.00379087
0	0.26	0.9525	0.615444	0.109562	0.0663124	0.00394934
0	0.27	0.95	0.61764	0.105633	0.0654998	0.00400198
0	0.28	0.9445	0.625546	0.0997621	0.0625146	0.00385056
0	0.29	0.946	0.624981	0.101005	0.0628206	0.00375501
0	0.3	0.9395	0.628104	0.089033	0.0620677	0.00418584
0	0.31	0.9475	0.63059	0.0961911	0.0605362	0.00416623
0	0.32	0.9525	0.631998	0.0878441	0.0603773	0.0044903
0	0.33	0.957	0.631865	0.0893743	0.059873	0.00477916
0	0.34	0.9515	0.635011	0.078102	0.0589839	0.00527878
0	0.35	0.971	0.630337	0.107013	0.0597961	0.00513764
0	0.36	0.9585	0.637429	0.0700506	0.0579898	0.00509437
0	0.37	0.954	0.638381	0.0684691	0.0584632	0.0039738
0	0.38	0.973	0.633238	0.106699	0.0597573	0.00354532
0	0.39	0.9645	0.636428	0.0965975	0.0590215	0.00313884
0	0.4	0.963	0.638354	0.0975976	0.058178	0.002952
0	0.41	0.9625	0.63899	0.0962448	0.0581458	0.00192937
0	0.42	0.958	0.640841	0.0886266	0.057692	0.00222484
0	0.43	0.966	0.639189	0.078093	0.0579353	0.00148881
0	0.44	0.9605	0.642284	0.0731857	0.0567901	0.00146301
0	0.45	0.943	0.647804	0.0605703	0.0559907	0.00142298
0	0.46	0.919	0.655714	0.0490029	0.0546705	0.00137954
0	0.47	0.9035	0.660224	0.0418839	0.0542591	0.0013388
0	0.48	0.942	0.645606	0.0559689	0.058574	0.00134488
0	0.49	0.9325	0.649518	0.0470085	0.057439	0.00131453
0	0.5	0.9525	0.641177	0.0571281	0.0602874	0.00164531
0	0.51	0.947	0.640836	0.0610172	0.0612569	0.00162004
0	0.52	0.9375	0.64383	0.0695353	0.0605468	0.0022153
0	0.53	0.918	0.649115	0.0739521	0.059923	0.00268887
0	0.54	0.9025	0.655488	0.0671601	0.0580133	0.00224112
0	0.55	0.9105	0.650902	0.0740736	0.0594282	0.00237315
0	0.56	0.9045	0.650602	0.0709139	0.05996	0.00230124
0	0.57	0.9185	0.645105	0.0717018	0.0609948	0.00272495
0	0.58	0.918	0.6411	0.0781683	0.0636833	0.00225472
0	0.59	0.922	0.63916	0.0770082	0.0640469	0.0025064
0	0.6	0.9215	0.637945	0.0737393	0.0644467	0.00261919
0	0.61	0.924	0.634625	0.0746922	0.0657367	0.00265777
0	0.62	0.947	0.624796	0.0891145	0.0673842	0.00294149
0	0.63	0.949	0.623787	0.0849841	0.0675183	0.00331081
0	0.64	0.956	0.620595	0.0917041	0.0681997	0.00323073
0	0.65	0.9265	0.629308	0.072947	0.0658898	0.00310571
0	0.66	0.9515	0.618822	0.0919385	0.0676574	0.00307469
0	0.67	0.9345	0.619488	0.0937461	0.0685272	0.00298536
0	0.68	0.944	0.614395	0.103154	0.069782	0.00263701
0	0.69	0.907	0.619468	0.0850886	0.0698257	0.00271389
0	0.7	0.893	0.620543	0.0793907	0.0701438	0.00244139
0	0.71	0.9035	0.61583	0.0859222	0.0711665	0.00234625
0	0.72	0.908	0.611441	0.0881415	0.0724819	0.00231024
0	0.73	0.889	0.611796	0.0804215	0.0733355	0.00244613
0	0.74	0.8965	0.601882	0.0849315	0.077946	0.00244516
0	0.75	0.9145	0.589205	0.0886418	0.081402	0.0024093
0	0.76	0.905	0.58088	0.0741904	0.0841556	0.00202231
0	0.77	0.891	0.585007	0.0713866	0.0826424	0.00188198
0	0.78	0.901	0.575031	0.0778977	0.0847823	0.00169921
0	0.79	0.9065	0.567996	0.0767108	0.086298	0.00167014
0	0.8	0.901	0.567635	0.0732267	0.0860973	0.00177024
0	0.81	0.912	0.561579	0.0754669	0.0869711	0.00193286
0	0.82	0.9105	0.552084	0.0694813	0.0905694	0.00162343
0	0.83	0.8915	0.550644	0.0668906	0.0909489	0.00148521
0	0.84	0.904	0.540425	0.0665255	0.0937749	0.00160721
0	0.85	0.907	0.536431	0.0664026	0.0947499	0.00168153
0	0.86	0.898	0.52997	0.0703216	0.0962398	0.00137032
0	0.87	0.906	0.52443	0.0682934	0.0974171	0.00145592
0	0.88	0.9395	0.508374	0.0846477	0.100494	0.00139068
0	0.89	0.9275	0.504757	0.0705343	0.101401	0.00197104
0	0.9	0.9005	0.501851	0.0668631	0.102203	0.00157308
0	0.91	0.906	0.49472	0.070393	0.104318	0.00154551
0	0.92	0.8995	0.489927	0.0633446	0.104948	0.00158569
0	0.93	0.883	0.491083	0.060105	0.104558	0.00148088
0	0.94	0.9015	0.474791	0.0696196	0.107884	0.00113197
0	0.95	0.8885	0.465606	0.0644059	0.110349	0.00109804
0	0.96	0.903	0.453805	0.0638754	0.112572	0.00124641
0	0.97	0.884	0.449838	0.0552525	0.115111	0.00113169
0	0.98	0.899	0.437678	0.0564798	0.116898	0.00116666
0	0.99	0.8765	0.431173	0.0392544	0.118879	0.00093031
