0	0	0.94	0.331659	0.0493757	0.0691477	0.0024397
0	0.01	0.943	0.332059	0.0537658	0.069194	0.00231247
0	0.02	0.942	0.33521	0.0628089	0.0686208	0.00262551
0	0.03	0.9465	0.339664	0.0737789	0.0681102	0.00267962
0	0.04	0.907	0.355595	0.0566294	0.0658167	0.0030821
0	0.05	0.93	0.361064	0.0717006	0.0661252	0.00308107
0	0.06	0.9175	0.368059	0.0821859	0.0650431	0.00309357
0	0.07	0.907	0.374872	0.0833667	0.0645591	0.00313189
0	0.08	0.924	0.376189	0.0973146	0.0631416	0.00283576
0	0.09	0.9075	0.383559	0.0863886	0.062402	0.00298056
0	0.1	0.891	0.392271	0.0836647	0.0624139	0.00279081
0	0.11	0.8755	0.402735	0.084827	0.061742	0.00272802
0	0.12	0.882	0.400046	0.0852195	0.062897	0.00280864
0	0.13	0.848	0.415917	0.0735873	0.060988	0.00320463
0	0.14	0.8785	0.412369	0.0881399	0.0618054	0.00296224
0	0.15	0.893	0.414529	0.0984296	0.0615561	0.00267797
0	0.16	0.8705	0.430083	0.0877134	0.0594284	0.00283935
0	0.17	0.88	0.435353	0.0905411	0.0581859	0.00265465
0	0.18	0.864	0.443122	0.0844107	0.0568489	0.00274623
0	0.19	0.8865	0.441498	0.0920992	0.0569749	0.00271227
0	0.2	0.871	0.449341	0.0762005	0.0553178	0.00241324
0	0.21	0.8745	0.45244	0.0765595	0.0548991	0.00241456
0	0.22	0.877	0.454755	0.0731262	0.0549633	0.00262625
0	0.23	0.885	0.457351	0.068833	0.0546549	0.00225207
0	0.24	0.907	0.454267	0.0709073	0.0552312	0.00244136
0	0.25	0.8875	0.464608	0.0644979	0.0551648	0.00238372
0	0.26	0.893	0.467026	0.0685112	0.0552641	0.00220902
0	0.27	0.924	0.463486	0.0694781	0.0556222	0.00148739
0	0.28	0.927	0.463105	0.0728802	0.0557655	0.00139412
0	0.29	0.9285	0.463648	0.0801375	0.0556067	0.00141455
0	0.3	0.8895	0.471965	0.0671473	0.0562033	0.00214445
0	0.31	0.909	0.464826	0.0627153	0.0582808	0.00264021
0	0.32	0.8955	0.470213	0.0658613	0.058527	0.00245525
0	0.33	0.9125	0.467186	0.0697523	0.0589394	0.00278269
0	0.34	0.943	0.459878	0.0814818	0.0601691	0.00279648
0	0.35	0.9405	0.461433	0.0815861	0.0599215	0.0026763
0	0.36	0.9315	0.465886	0.0785006	0.0591584	0.00254308
0	0.37	0.876	0.485171	0.0500295	0.0566916	0.00266381
0	0.38	0.919	0.475169	0.0690486	0.0586493	0.00302102
0	0.39	0.912	0.479209	0.073057	0.0584333	0.00241805
0	0.4	0.897	0.482382	0.0732665	0.0586923	0.00222551
0	0.41	0.866	0.490714	0.0685405	0.0583505	0.00200049
0	0.42	0.8595	0.493213	0.0708034	0.0586677	0.00186436
0	0.43	0.836	0.501284	0.0604732	0.0579926	0.0021752
0	0.44	0.9035	0.479784	0.0760641	0.0624002	0.00190955
0	0.45	0.905	0.478897	0.0805984	0.0627142	0.00162766
0	0.46	0.911	0.474893	0.0805084	0.0640745	0.00183969
0	0.47	0.8585	0.491656	0.0691691	0.0609957	0.00240598
0	0.48	0.856	0.488226	0.0696729	0.0631272	0.00214095
0	0.49	0.873	0.48557	0.0750727	0.0627065	0.00203965
0	0.5	0.866	0.486668	0.0679067	0.063244	0.00217602
0	0.51	0.8645	0.488314	0.0642376	0.0624772	0.00232268
0	0.52	0.903	0.475217	0.0774434	0.0643399	0.00227137
0	0.53	0.891	0.477833	0.0733675	0.0634002	0.00318264
0	0.54	0.8855	0.482707	0.0722355	0.0617573	0.00302732
0	0.55	0.91	0.472319	0.0860551	0.0638844	0.00296276
0	0.56	0.9225	0.470766	0.0814552	0.0630486	0.00265351
0	0.57	0.9055	0.473944	0.0717739	0.0625091	0.00279488
0	0.58	0.9085	0.470168	0.0890231	0.0642327	0.00331035
0	0.59	0.873	0.483643	0.0836605	0.0604848	0.00280842
0	0.6	0.864	0.486757	0.0836842	0.0598885	0.00262585
0	0.61	0.8435	0.487221	0.0778732	0.0605864	0.00259741
0	0.62	0.839	0.487348	0.0776606	0.0601942	0.00253394
0	0.63	0.8355	0.482178	0.0772417	0.0623723	0.00246245
0	0.64	0.8345	0.478942	0.0801145	0.0620952	0.0025623
0	0.65	0.8155	0.481322	0.0740924	0.0621174	0.0026244
0	0.66	0.8355	0.472986	0.0772227	0.0630368	0.00282213
0	0.67	0.8455	0.462082	0.0710895	0.0641668	0.00310211
0	0.68	0.8905	0.4481	0.0854326	0.0642741	0.00324161
0	0.69	0.8685	0.450232	0.0767545	0.0643123	0.0032433
0	0.7	0.841	0.459881	0.063292	0.0604515	0.00354143
0	0.71	0.868	0.440374	0.0738888	0.0647509	0.00299073
0	0.72	0.851	0.451164	0.0645793	0.059089	0.00249559
0	0.73	0.869	0.441735	0.0679969	0.0596496	0.00257875
0	0.74	0.861	0.441425	0.060399	0.059369	0.00220557
0	0.75	0.8815	0.431296	0.0606087	0.0594158	0.00235554
0	0.76	0.915	0.417684	0.0673271	0.0589264	0.00313046
0	0.77	0.9415	0.409786	0.0752047	0.0592801	0.00390258
0	0.78	0.943	0.406609	0.0764579	0.0594947	0.00368086
0	0.79	0.9545	0.402726	0.0581528	0.0591156	0.00198489
0	0.8	0.944	0.40527	0.0679176	0.0581204	0.00188599
0	0.81	0.9155	0.406509	0.0598717	0.0585421	0.00185415
0	0.82	0.935	0.400526	0.0641809	0.0585968	0.00144095
0	0.83	0.925	0.39827	0.0729965	0.0580671	0.00195145
0	0.84	0.8825	0.405198	0.0523234	0.0566191	0.00221883
0	0.85	0.922	0.386863	0.0686221	0.0574325	0.00277882
0	0.86	0.9335	0.383102	0.0838126	0.0577449	0.00221765
0	0.87	0.9425	0.380738	0.0949937	0.0577422	0.00172486
0	0.88	0.9355	0.380459	0.0929172	0.0580528	0.00180644
0	0.89	0.923	0.377945	0.075621	0.0580045	0.00265025
0	0.9	0.91	0.375545	0.0793472	0.0588557	0.00224806
0	0.91	0.905	0.366936	0.0765668	0.059671	0.00229993
0	0.92	0.9185	0.361046	0.0835119	0.0605959	0.00214554
0	0.93	0.899	0.356726	0.0770455	0.0617483	0.00190218
0	0.94	0.8905	0.352728	0.0723522	0.0621063	0.00187651
0	0.95	0.8845	0.344198	0.069634	0.0629302	0.00158972
0	0.96	0.8675	0.344413	0.0650181	0.0631079	0.00155271
0	0.97	0.8605	0.339096	0.0598788	0.0635247	0.00152827
0	0.98	0.8475	0.327029	0.0506551	0.0665836	0.00128893
0	0.99	0.8705	0.312391	0.0507131	0.0674681	0.0014183
