0	0	0.58	0.23703		0.239184	0.095117	0.100743
0	0.05	0.575	0.268187	0.271722	0.0897301	0.0977148
0	0.1	0.555	0.313677	0.275442	0.0833481	0.0988605
0	0.15	0.655	0.316302	0.333381	0.0771364	0.114157
0	0.2	0.685	0.329052	0.364355	0.0747944	0.117765
0	0.25	0.575	0.384716	0.311431	0.0787519	0.101051
0	0.3	0.58	0.38179		0.345695	0.080655	0.0976989
0	0.35	0.545	0.38642		0.33978		0.0861003	0.0923336
0	0.4	0.555	0.386629	0.342451	0.082995	0.0955626
0	0.45	0.56	0.381302	0.347578	0.0861229	0.0959781
0	0.5	0.58	0.374683	0.365698	0.0855408	0.0946351
0	0.55	0.495	0.371374	0.313772	0.0987059	0.0930357
0	0.6	0.49	0.363936	0.320911	0.0995513	0.0896695
0	0.65	0.52	0.325257	0.332289	0.0996114	0.0926554
0	0.7	0.575	0.303601	0.343875	0.0910429	0.0967117
0	0.75	0.61	0.302973	0.350875	0.0820089	0.1018
0	0.8	0.555	0.314409	0.325189	0.0815609	0.0937631
0	0.85	0.515	0.317339	0.294805	0.0855715	0.091899
0	0.9	0.58	0.276459	0.291912	0.0839153	0.0980912
0	0.95	0.62	0.246106	0.286012	0.0839514	0.10701
