0	0	0.906	0.390054	0.0297509	0.0939471	0.000844994
0	0.01	0.928	0.390562	0.042804	0.0931346	0.00123295
0	0.02	0.9285	0.401497	0.0455697	0.0922549	0.00117082
0	0.03	0.913	0.411847	0.0406936	0.090203	0.00110681
0	0.04	0.9415	0.41162	0.0454597	0.0898864	0.00158464
0	0.05	0.967	0.413462	0.062988	0.0901265	0.00211704
0	0.06	0.964	0.419788	0.0633604	0.0892967	0.00218068
0	0.07	0.955	0.425748	0.0591982	0.088746	0.00198609
0	0.08	0.9495	0.433593	0.0734128	0.0883662	0.00207694
0	0.09	0.9325	0.444678	0.0707847	0.0874768	0.00175263
0	0.1	0.927	0.446864	0.0660928	0.0871835	0.00189239
0	0.11	0.9465	0.446861	0.0795025	0.0871748	0.00164663
0	0.12	0.906	0.464885	0.0611327	0.0850455	0.0016773
0	0.13	0.9195	0.468116	0.0601458	0.0849977	0.00188634
0	0.14	0.9295	0.471016	0.0770898	0.0848083	0.00185903
0	0.15	0.9225	0.479378	0.0692762	0.0837604	0.00230252
0	0.16	0.921	0.488469	0.0620943	0.082389	0.00262448
0	0.17	0.9415	0.487541	0.0840681	0.0817469	0.00191923
0	0.18	0.915	0.503473	0.0926537	0.0801411	0.00255369
0	0.19	0.908	0.507532	0.0943331	0.0796324	0.00227183
0	0.2	0.897	0.512411	0.0878079	0.0793457	0.0026996
0	0.21	0.901	0.518444	0.0826421	0.0785075	0.00266739
0	0.22	0.9085	0.520441	0.0836274	0.0780736	0.00262379
0	0.23	0.906	0.528225	0.0828027	0.0769438	0.0026571
0	0.24	0.887	0.538906	0.082003	0.0754038	0.00256745
0	0.25	0.8995	0.542443	0.0954252	0.0737891	0.00223177
0	0.26	0.8965	0.548376	0.0926965	0.0728964	0.00236776
0	0.27	0.8975	0.551512	0.0965818	0.072355	0.00192994
0	0.28	0.8735	0.56162	0.0891221	0.0709079	0.00218264
0	0.29	0.8725	0.56508	0.0865555	0.0696225	0.00233663
0	0.3	0.8915	0.558462	0.0956762	0.0725189	0.00208711
0	0.31	0.9025	0.556988	0.0989571	0.0724471	0.00183632
0	0.32	0.8985	0.562293	0.106055	0.0716906	0.00209009
0	0.33	0.8985	0.568796	0.0927051	0.0699301	0.00270254
0	0.34	0.889	0.576764	0.083657	0.0674643	0.0029778
0	0.35	0.907	0.571869	0.0827761	0.0687459	0.00265297
0	0.36	0.888	0.576256	0.0678729	0.069846	0.00251076
0	0.37	0.9015	0.57527	0.0725369	0.0699576	0.00258908
0	0.38	0.906	0.578422	0.0607629	0.0678624	0.00292511
0	0.39	0.906	0.580768	0.0639008	0.0679725	0.00311343
0	0.4	0.9425	0.570711	0.0845624	0.0700328	0.00347638
0	0.41	0.91	0.582433	0.0631535	0.0686322	0.00313463
0	0.42	0.9085	0.585317	0.0651148	0.0676655	0.00331313
0	0.43	0.917	0.583114	0.0714483	0.0681621	0.00341067
0	0.44	0.9265	0.580545	0.0836824	0.0689593	0.00305334
0	0.45	0.9155	0.586542	0.069229	0.0667623	0.00261717
0	0.46	0.9235	0.587738	0.0708767	0.065376	0.00286769
0	0.47	0.9025	0.594542	0.0646319	0.0643923	0.00253873
0	0.48	0.9275	0.588252	0.0766668	0.0649693	0.00279544
0	0.49	0.9135	0.592461	0.0711263	0.0643307	0.00283968
0	0.5	0.9175	0.590335	0.0753351	0.0650696	0.00285185
0	0.51	0.9115	0.590793	0.0733534	0.0652743	0.00252134
0	0.52	0.9185	0.588641	0.0752947	0.0656114	0.00263231
0	0.53	0.907	0.591472	0.0769655	0.0654755	0.00267051
0	0.54	0.912	0.593945	0.0761988	0.0628471	0.00294568
0	0.55	0.9225	0.591334	0.0806187	0.062754	0.00289752
0	0.56	0.922	0.591817	0.080732	0.0617923	0.00315544
0	0.57	0.904	0.595905	0.0765915	0.0614975	0.00281491
0	0.58	0.909	0.59455	0.0797175	0.0614039	0.00278952
0	0.59	0.9105	0.595936	0.0674753	0.060049	0.00206437
0	0.6	0.924	0.590242	0.0794284	0.0611947	0.00163729
0	0.61	0.919	0.589401	0.0677695	0.0620862	0.00184407
0	0.62	0.9615	0.573186	0.0902057	0.0659062	0.00155722
0	0.63	0.942	0.580503	0.0725106	0.0637769	0.00193211
0	0.64	0.929	0.583255	0.0659082	0.063258	0.00192398
0	0.65	0.9465	0.577154	0.081881	0.0640992	0.00155386
0	0.66	0.9535	0.573974	0.0733836	0.0645367	0.00226712
0	0.67	0.9625	0.569723	0.0845941	0.0657921	0.00215878
0	0.68	0.965	0.565369	0.0684363	0.0664838	0.00165915
0	0.69	0.9195	0.573748	0.0479254	0.0659953	0.00131124
0	0.7	0.915	0.574255	0.0463639	0.0657777	0.00127748
0	0.71	0.917	0.570534	0.0518234	0.0653575	0.00142983
0	0.72	0.925	0.565943	0.0589763	0.0661736	0.00162795
0	0.73	0.9275	0.562274	0.0652517	0.0667571	0.00180099
0	0.74	0.945	0.555049	0.0716084	0.0679851	0.00194237
0	0.75	0.95	0.550524	0.0724154	0.0689117	0.00154784
0	0.76	0.95	0.550417	0.0685298	0.0685098	0.00180008
0	0.77	0.966	0.543796	0.0808836	0.069679	0.00218969
0	0.78	0.9745	0.540118	0.0983681	0.0703073	0.00136684
0	0.79	0.9535	0.54308	0.0665708	0.0703218	0.00206443
0	0.8	0.9315	0.542395	0.0554129	0.0719145	0.0017634
0	0.81	0.9365	0.539593	0.0600065	0.0725098	0.00174039
0	0.82	0.941	0.532514	0.0688215	0.0742959	0.00225285
0	0.83	0.9335	0.527527	0.0658744	0.075671	0.00208127
0	0.84	0.9255	0.525155	0.060707	0.0761041	0.00218246
0	0.85	0.931	0.518199	0.0603682	0.0780452	0.00198292
0	0.86	0.9405	0.509974	0.06534	0.0795454	0.0020112
0	0.87	0.9365	0.507173	0.0702646	0.0807165	0.00189115
0	0.88	0.934	0.500809	0.0624791	0.0831135	0.00187864
0	0.89	0.9585	0.48707	0.0819024	0.0857679	0.00175987
0	0.9	0.943	0.487307	0.072375	0.0855454	0.00201606
0	0.91	0.9325	0.483093	0.0697601	0.0869103	0.00185575
0	0.92	0.8855	0.486306	0.0573641	0.0868922	0.00151959
0	0.93	0.879	0.477452	0.0568538	0.0889569	0.00143385
0	0.94	0.8955	0.464176	0.0615535	0.0913565	0.00147504
0	0.95	0.901	0.445971	0.0675885	0.095759	0.0011795
0	0.96	0.89	0.441106	0.0630966	0.0970259	0.00105472
0	0.97	0.888	0.438322	0.0609995	0.0984729	0.00114142
0	0.98	0.8945	0.428115	0.054783	0.100236	0.00127405
0	0.99	0.915	0.409477	0.0526006	0.102474	0.00122315
