0	0	0.9295	0.483625	0.0404693	0.133517	0.000736534
0	0.01	0.928	0.485365	0.0412212	0.133053	0.000704365
0	0.02	0.928	0.495318	0.0416869	0.131834	0.000833934
0	0.03	0.9555	0.501103	0.057692	0.130932	0.000666706
0	0.04	0.9345	0.51784	0.048967	0.128184	0.00106771
0	0.05	0.967	0.519903	0.0641301	0.127759	0.00150178
0	0.06	0.944	0.539246	0.077024	0.12354	0.00164604
0	0.07	0.94	0.543976	0.0774338	0.122474	0.00154905
0	0.08	0.9435	0.545708	0.0767438	0.122013	0.00170721
0	0.09	0.928	0.556341	0.0788737	0.119832	0.00183172
0	0.1	0.915	0.564564	0.0738011	0.117786	0.00184607
0	0.11	0.916	0.56706	0.07146	0.117419	0.00198756
0	0.12	0.9195	0.571931	0.0771306	0.115639	0.00171613
0	0.13	0.8885	0.590453	0.0699541	0.111004	0.00176206
0	0.14	0.9025	0.588615	0.070938	0.111567	0.00182928
0	0.15	0.9145	0.586784	0.0727908	0.111792	0.00201033
0	0.16	0.849	0.631024	0.0599	0.10047	0.00178325
0	0.17	0.8405	0.653111	0.0609948	0.0927623	0.00151165
0	0.18	0.8635	0.657965	0.0633787	0.0888933	0.0014787
0	0.19	0.8855	0.654432	0.0715313	0.0895684	0.00138946
0	0.2	0.8605	0.67423	0.0647562	0.081825	0.00192904
0	0.21	0.8975	0.674595	0.063344	0.0794048	0.00189659
0	0.22	0.903	0.677751	0.0599021	0.0781357	0.00213507
0	0.23	0.9435	0.677777	0.0737549	0.073808	0.00250529
0	0.24	0.935	0.684062	0.0734763	0.071432	0.00248966
0	0.25	0.956	0.684615	0.0789889	0.069365	0.00363452
0	0.26	0.9695	0.68243	0.0714585	0.0691461	0.00375935
0	0.27	0.9895	0.679807	0.126189	0.0692625	0.00528386
0	0.28	0.96	0.693427	0.0635787	0.0651772	0.00340734
0	0.29	0.9625	0.693226	0.0713823	0.0648273	0.00306573
0	0.3	0.967	0.692687	0.0782096	0.0647477	0.00304631
0	0.31	0.9645	0.694259	0.078255	0.0640227	0.00280306
0	0.32	0.9675	0.694059	0.0829236	0.0637619	0.00292981
0	0.33	0.9685	0.69514	0.0770401	0.0637647	0.00348618
0	0.34	0.9785	0.69368	0.0898673	0.0634337	0.00444656
0	0.35	0.9805	0.693149	0.0971955	0.0634923	0.00433085
0	0.36	0.9745	0.698658	0.0742925	0.0612046	0.00396953
0	0.37	0.9705	0.701595	0.067783	0.0598735	0.00389366
0	0.38	0.9525	0.71087	0.0866371	0.0567233	0.00696793
0	0.39	0.962	0.708509	0.104614	0.0570894	0.00732819
0	0.4	0.967	0.707003	0.117191	0.0573881	0.00723978
0	0.41	0.963	0.709038	0.114406	0.0566275	0.00716848
0	0.42	0.9425	0.717328	0.0894889	0.0549877	0.00715666
0	0.43	0.9345	0.723294	0.0803642	0.0518232	0.00690107
0	0.44	0.951	0.720147	0.10022	0.0516628	0.00743272
0	0.45	0.9635	0.71668	0.128338	0.0522449	0.00705737
0	0.46	0.97	0.715522	0.146829	0.0521109	0.00665912
0	0.47	0.959	0.720489	0.123182	0.0504955	0.00707284
0	0.48	0.9535	0.72226	0.108868	0.0502399	0.00759349
0	0.49	0.953	0.72299	0.111841	0.0497665	0.0072014
0	0.5	0.964	0.719005	0.140606	0.0510113	0.00617621
0	0.51	0.9635	0.719377	0.130852	0.0508906	0.00503912
0	0.52	0.958	0.721183	0.129869	0.0505149	0.00443042
0	0.53	0.9455	0.724958	0.104698	0.0499533	0.0053287
0	0.54	0.9325	0.729305	0.091146	0.0489421	0.00521225
0	0.55	0.9265	0.728124	0.0801509	0.0511414	0.00538788
0	0.56	0.932	0.725701	0.0847609	0.0514499	0.00557245
0	0.57	0.9415	0.720793	0.100034	0.0532984	0.00510655
0	0.58	0.945	0.714993	0.0990476	0.0569736	0.00464891
0	0.59	0.9215	0.721726	0.082206	0.0556732	0.00396471
0	0.6	0.9225	0.719588	0.0802251	0.0568699	0.00403177
0	0.61	0.919	0.722898	0.0771637	0.0539008	0.0039789
0	0.62	0.9495	0.705581	0.0967668	0.0611538	0.00480765
0	0.63	0.9495	0.704312	0.0995342	0.0615294	0.00472866
0	0.64	0.934	0.707449	0.0826539	0.0614405	0.0046213
0	0.65	0.949	0.69972	0.0614389	0.0639797	0.00122105
0	0.66	0.961	0.693719	0.0681767	0.065644	0.00145108
0	0.67	0.9515	0.697493	0.0586248	0.0637677	0.00151429
0	0.68	0.96	0.693757	0.059759	0.0647071	0.00165
0	0.69	0.968	0.686192	0.0721686	0.0679281	0.00406297
0	0.7	0.9635	0.685652	0.0741192	0.0682769	0.00377104
0	0.71	0.958	0.68305	0.0645283	0.0702242	0.00376344
0	0.72	0.962	0.676899	0.0640308	0.0732084	0.00417108
0	0.73	0.9645	0.675105	0.0680529	0.0738181	0.00432135
0	0.74	0.964	0.670593	0.064244	0.0760117	0.00457788
0	0.75	0.961	0.668524	0.0704848	0.0763177	0.00386636
0	0.76	0.9615	0.665871	0.0702304	0.0775085	0.00385758
0	0.77	0.952	0.668167	0.058068	0.0769549	0.00374953
0	0.78	0.9425	0.660057	0.0636721	0.0812634	0.00312029
0	0.79	0.951	0.655594	0.0692356	0.0827784	0.00339668
0	0.8	0.9735	0.644428	0.0953733	0.0860194	0.00431505
0	0.81	0.9765	0.639942	0.0927827	0.0878072	0.00481441
0	0.82	0.9555	0.641492	0.0846845	0.0882157	0.00361393
0	0.83	0.95	0.637899	0.0821804	0.0896834	0.00334922
0	0.84	0.937	0.638595	0.0766863	0.0894432	0.00328497
0	0.85	0.9345	0.63368	0.0796394	0.0915022	0.00288381
0	0.86	0.9075	0.633643	0.0652297	0.0927124	0.00254735
0	0.87	0.929	0.61417	0.0693328	0.0991896	0.00269684
0	0.88	0.941	0.60326	0.0774319	0.10252	0.0027959
0	0.89	0.936	0.602226	0.0704678	0.103165	0.00301454
0	0.9	0.938	0.599698	0.0707868	0.104152	0.00314037
0	0.91	0.948	0.585028	0.0738839	0.108871	0.00357571
0	0.92	0.965	0.573468	0.0925739	0.111832	0.00398837
0	0.93	0.947	0.56027	0.0771872	0.115903	0.00322093
0	0.94	0.9355	0.555681	0.071005	0.117644	0.00287608
0	0.95	0.9405	0.550942	0.0623003	0.118854	0.00252875
0	0.96	0.941	0.545811	0.0611312	0.12031	0.00261277
0	0.97	0.9485	0.541028	0.0664833	0.121558	0.00271445
0	0.98	0.956	0.530436	0.053363	0.125222	0.00112003
0	0.99	0.9415	0.523302	0.0392471	0.126872	0.00116932
