0	0	0.9305	0.349136	0.0502572	0.0991769	0.00146154
0	0.01	0.905	0.361424	0.0499412	0.0986721	0.00132831
0	0.02	0.924	0.369318	0.062648	0.0985678	0.00123318
0	0.03	0.8915	0.389446	0.0614606	0.0969736	0.00152601
0	0.04	0.8775	0.396666	0.0655211	0.0961048	0.00145723
0	0.05	0.904	0.401567	0.0779199	0.0948388	0.00119702
0	0.06	0.9085	0.410264	0.0806059	0.0941861	0.00115259
0	0.07	0.8855	0.420603	0.0694698	0.093229	0.00221562
0	0.08	0.9105	0.424817	0.0790853	0.0928813	0.00214136
0	0.09	0.8965	0.433843	0.0806454	0.0926124	0.00196875
0	0.1	0.8855	0.447433	0.0775853	0.0918577	0.0018308
0	0.11	0.858	0.465733	0.070668	0.0901353	0.00184552
0	0.12	0.8435	0.475246	0.0699787	0.0888645	0.00208421
0	0.13	0.873	0.489478	0.0655746	0.0886467	0.00199544
0	0.14	0.898	0.486408	0.0724797	0.08793	0.00218556
0	0.15	0.905	0.491059	0.0748859	0.0862625	0.0020698
0	0.16	0.9015	0.493489	0.0720042	0.085812	0.00220902
0	0.17	0.9005	0.502291	0.0731168	0.0847568	0.00225433
0	0.18	0.921	0.500083	0.0820668	0.085825	0.00235747
0	0.19	0.9075	0.514209	0.0722357	0.0829197	0.00245731
0	0.2	0.904	0.516787	0.0704994	0.0824333	0.00248983
0	0.21	0.9325	0.511104	0.0864488	0.0831368	0.00273463
0	0.22	0.931	0.516007	0.079519	0.0824681	0.00289513
0	0.23	0.9235	0.522482	0.0698752	0.0819071	0.00302678
0	0.24	0.9425	0.52228	0.0825415	0.0811158	0.00310449
0	0.25	0.9275	0.529223	0.0810911	0.0810455	0.00303891
0	0.26	0.926	0.531025	0.082433	0.0810861	0.00296996
0	0.27	0.9275	0.534582	0.075756	0.0801792	0.00319835
0	0.28	0.939	0.533466	0.08425	0.0804732	0.00320684
0	0.29	0.929	0.537642	0.0697126	0.0798544	0.00277324
0	0.3	0.935	0.534685	0.0691683	0.0814369	0.00307202
0	0.31	0.9345	0.538392	0.0613394	0.0803072	0.00232477
0	0.32	0.9085	0.549684	0.0597541	0.0781789	0.00164932
0	0.33	0.9045	0.551767	0.055332	0.078576	0.00163553
0	0.34	0.8955	0.560524	0.0508272	0.0768309	0.00167756
0	0.35	0.887	0.570465	0.0490765	0.0742972	0.00162178
0	0.36	0.8755	0.57133	0.0515628	0.0776671	0.00176637
0	0.37	0.8855	0.571883	0.0547724	0.0769821	0.00183698
0	0.38	0.921	0.563195	0.0701171	0.0791223	0.00173075
0	0.39	0.9095	0.570287	0.0616381	0.0767038	0.00198883
0	0.4	0.8885	0.576946	0.0567166	0.0764407	0.00238455
0	0.41	0.8995	0.576958	0.064414	0.0758076	0.00228324
0	0.42	0.9275	0.569086	0.0771965	0.0776931	0.00266187
0	0.43	0.878	0.585121	0.0595635	0.0764462	0.00240609
0	0.44	0.884	0.586685	0.0628873	0.0748183	0.00232414
0	0.45	0.8915	0.590274	0.0764824	0.0717796	0.00243096
0	0.46	0.899	0.588907	0.0859825	0.0722658	0.00264895
0	0.47	0.9065	0.587391	0.0905431	0.0722517	0.00256924
0	0.48	0.9365	0.577856	0.102892	0.0739421	0.00333397
0	0.49	0.935	0.580119	0.103801	0.0730264	0.00357497
0	0.5	0.934	0.581072	0.0971579	0.0727666	0.00447497
0	0.51	0.9365	0.579944	0.100903	0.0730903	0.00407011
0	0.52	0.9175	0.583779	0.0877767	0.0734859	0.00410994
0	0.53	0.8845	0.600938	0.0905654	0.0678637	0.00459542
0	0.54	0.8575	0.608422	0.0847199	0.0670952	0.00419424
0	0.55	0.8895	0.599539	0.104011	0.0675455	0.00393791
0	0.56	0.881	0.603146	0.0967751	0.0663979	0.0040914
0	0.57	0.8775	0.606553	0.0958973	0.0644644	0.00400319
0	0.58	0.8885	0.602912	0.0958815	0.0648938	0.0041648
0	0.59	0.891	0.60088	0.0972791	0.0654128	0.00416821
0	0.6	0.8855	0.603968	0.0955892	0.0641892	0.00418352
0	0.61	0.891	0.601506	0.100297	0.0642333	0.00431487
0	0.62	0.876	0.607965	0.0874911	0.0616582	0.00479339
0	0.63	0.881	0.604365	0.0894372	0.0616358	0.00476877
0	0.64	0.892	0.600913	0.0924835	0.061479	0.00458892
0	0.65	0.914	0.588785	0.10497	0.0656023	0.00440426
0	0.66	0.9055	0.592068	0.102348	0.0640483	0.00422571
0	0.67	0.9175	0.587677	0.109077	0.0641551	0.00366662
0	0.68	0.9365	0.57756	0.107292	0.0675301	0.00321017
0	0.69	0.905	0.587512	0.0873029	0.0646879	0.00342074
0	0.7	0.9095	0.581998	0.0917486	0.0666149	0.00311154
0	0.71	0.8925	0.587389	0.0825933	0.0646107	0.00303476
0	0.72	0.879	0.590849	0.0800943	0.063481	0.00284633
0	0.73	0.898	0.582198	0.0852449	0.0651415	0.00281313
0	0.74	0.905	0.576273	0.0816954	0.0668365	0.00277476
0	0.75	0.934	0.565234	0.0745516	0.0684278	0.00174579
0	0.76	0.9295	0.561008	0.0657105	0.0695784	0.00189167
0	0.77	0.9675	0.546298	0.0703806	0.0721894	0.00217839
0	0.78	0.9765	0.53999	0.0757237	0.0731523	0.00249542
0	0.79	0.9675	0.541008	0.0640317	0.0733835	0.00235587
0	0.8	0.962	0.541272	0.0606339	0.0731006	0.00194269
0	0.81	0.9645	0.540133	0.064044	0.0733328	0.00176865
0	0.82	0.942	0.545626	0.0536162	0.0723463	0.00139762
0	0.83	0.949	0.539781	0.0522578	0.0736371	0.00104816
0	0.84	0.935	0.538071	0.0488305	0.0747815	0.00121425
0	0.85	0.9735	0.521424	0.0685754	0.0782272	0.00135452
0	0.86	0.977	0.520351	0.0614782	0.0781094	0.00201026
0	0.87	0.971	0.522292	0.0490926	0.0777173	0.00217144
0	0.88	0.972	0.515654	0.0754033	0.0796913	0.00253143
0	0.89	0.96	0.517499	0.0718374	0.0798687	0.00198689
0	0.9	0.9605	0.514169	0.0742767	0.0803982	0.00177053
0	0.91	0.958	0.514668	0.0714935	0.0805214	0.00183653
0	0.92	0.961	0.510925	0.0775343	0.0818992	0.00169651
0	0.93	0.957	0.506405	0.0724352	0.0835463	0.00175922
0	0.94	0.9425	0.506259	0.0657766	0.0833994	0.00154408
0	0.95	0.94	0.498556	0.0615169	0.0849258	0.00158612
0	0.96	0.942	0.490084	0.0660187	0.0877232	0.00134792
0	0.97	0.9355	0.490573	0.0598509	0.0878559	0.00132898
0	0.98	0.921	0.487129	0.0487539	0.0890755	0.00136647
0	0.99	0.947	0.473581	0.0502253	0.092818	0.00113945
