0	0	0.9135	0.40111	0.0289815	0.0964923	0.000505264
0	0.01	0.911	0.410728	0.0325852	0.095461	0.000414117
0	0.02	0.895	0.425573	0.0316229	0.0927041	0.000420157
0	0.03	0.925	0.43988	0.0389322	0.0897758	0.000532715
0	0.04	0.9445	0.440728	0.0454249	0.0894178	0.000514631
0	0.05	0.9495	0.444826	0.0456732	0.0879981	0.00083478
0	0.06	0.9525	0.450867	0.043773	0.0854513	0.000857484
0	0.07	0.951	0.453451	0.0473546	0.0846672	0.000656836
0	0.08	0.9385	0.460578	0.0384093	0.0836028	0.000823068
0	0.09	0.9425	0.474207	0.0418318	0.0810906	0.00075402
0	0.1	0.9485	0.481077	0.0455649	0.0798279	0.000645345
0	0.11	0.952	0.486598	0.0476537	0.0781462	0.000744143
0	0.12	0.953	0.490293	0.0467634	0.0775894	0.000677783
0	0.13	0.9505	0.494112	0.0627215	0.0761363	0.00191891
0	0.14	0.952	0.50003	0.0738402	0.0758001	0.00135663
0	0.15	0.93	0.510788	0.0614052	0.073508	0.00134273
0	0.16	0.92	0.517256	0.0633007	0.0724486	0.00126054
0	0.17	0.919	0.519839	0.0700776	0.0719465	0.00115823
0	0.18	0.9165	0.523233	0.0725804	0.0709815	0.00143481
0	0.19	0.914	0.529807	0.0758803	0.0691006	0.00152102
0	0.2	0.918	0.531623	0.0764778	0.0685376	0.0017508
0	0.21	0.923	0.533073	0.0831372	0.0682601	0.00132918
0	0.22	0.949	0.528748	0.0973721	0.0695847	0.000977175
0	0.23	0.943	0.530952	0.0951866	0.0692973	0.0012246
0	0.24	0.937	0.53965	0.0890882	0.0665866	0.00154519
0	0.25	0.928	0.542691	0.0823087	0.0663899	0.0018526
0	0.26	0.9245	0.544778	0.0820876	0.0661489	0.00172191
0	0.27	0.938	0.544068	0.0759961	0.0659949	0.00166503
0	0.28	0.944	0.544238	0.0886394	0.0658015	0.00183622
0	0.29	0.931	0.547982	0.0845176	0.0660819	0.00260471
0	0.3	0.9385	0.545876	0.0898293	0.067588	0.00225046
0	0.31	0.9365	0.550349	0.0934711	0.0664179	0.00224988
0	0.32	0.9085	0.561183	0.0799874	0.0649525	0.00229742
0	0.33	0.921	0.557029	0.0858451	0.0663548	0.00233122
0	0.34	0.9055	0.563255	0.0774755	0.065056	0.00250474
0	0.35	0.8925	0.57088	0.0739705	0.0628918	0.0025149
0	0.36	0.911	0.566804	0.0874156	0.0642034	0.00202011
0	0.37	0.907	0.568538	0.0803975	0.0636745	0.0023306
0	0.38	0.9175	0.565989	0.0821199	0.0641798	0.00255604
0	0.39	0.9345	0.55981	0.0942493	0.0656292	0.00219958
0	0.4	0.937	0.5593	0.0897429	0.0660032	0.00252604
0	0.41	0.934	0.560208	0.0940596	0.0660045	0.00224855
0	0.42	0.9045	0.567234	0.0853712	0.0665315	0.00185776
0	0.43	0.884	0.57513	0.0755285	0.0646847	0.00188415
0	0.44	0.885	0.572076	0.0598815	0.0673636	0.00192526
0	0.45	0.908	0.56414	0.0706961	0.0685697	0.00138201
0	0.46	0.9075	0.561552	0.0601446	0.070666	0.00125883
0	0.47	0.913	0.559681	0.0613247	0.0708945	0.00130286
0	0.48	0.928	0.555353	0.0629981	0.0711534	0.0019875
0	0.49	0.948	0.54832	0.0771988	0.0726518	0.00179229
0	0.5	0.9165	0.556428	0.059011	0.0721489	0.00220068
0	0.51	0.9215	0.553105	0.0517956	0.0734067	0.00196152
0	0.52	0.931	0.549653	0.0774094	0.0738077	0.00269411
0	0.53	0.9355	0.54619	0.0851042	0.0749294	0.00319157
0	0.54	0.9275	0.548269	0.0790737	0.0745176	0.00310715
0	0.55	0.867	0.564368	0.0660737	0.0728566	0.00257098
0	0.56	0.8765	0.559008	0.0702328	0.0738817	0.00251904
0	0.57	0.867	0.556666	0.0656752	0.0756632	0.00257221
0	0.58	0.865	0.560111	0.067062	0.0730632	0.00247969
0	0.59	0.91	0.540004	0.0881435	0.0772479	0.00224005
0	0.6	0.8745	0.55024	0.0783769	0.0759041	0.00257709
0	0.61	0.8825	0.546215	0.0843234	0.0758503	0.00244458
0	0.62	0.8745	0.544787	0.0828992	0.0769694	0.00235822
0	0.63	0.887	0.53815	0.0881307	0.0775364	0.0023875
0	0.64	0.898	0.532903	0.0800497	0.0782746	0.00268958
0	0.65	0.9145	0.525729	0.0840418	0.0781837	0.003172
0	0.66	0.8855	0.535682	0.0754854	0.075818	0.00300911
0	0.67	0.881	0.536074	0.0841486	0.075271	0.0026294
0	0.68	0.879	0.538433	0.0775969	0.0734521	0.00311455
0	0.69	0.8945	0.532612	0.0810791	0.0734289	0.00255139
0	0.7	0.921	0.523341	0.0934123	0.0740235	0.00259956
0	0.71	0.887	0.529658	0.07854	0.0731705	0.00250723
0	0.72	0.9025	0.521486	0.0844522	0.0748807	0.00249131
0	0.73	0.8835	0.520009	0.0770686	0.0752793	0.002479
0	0.74	0.8835	0.512353	0.0773546	0.0774351	0.00261129
0	0.75	0.8825	0.507596	0.0758422	0.0786337	0.00268172
0	0.76	0.897	0.500904	0.0796791	0.0792248	0.00296158
0	0.77	0.915	0.491659	0.0864125	0.0803744	0.00307825
0	0.78	0.938	0.48053	0.0852016	0.0814677	0.0034292
0	0.79	0.933	0.480124	0.0840091	0.0819104	0.0032759
0	0.8	0.9225	0.480141	0.0771835	0.0817976	0.00328823
0	0.81	0.916	0.474461	0.0645635	0.082743	0.003405
0	0.82	0.924	0.467144	0.0702172	0.0846839	0.003408
0	0.83	0.876	0.468854	0.0608108	0.0842471	0.00256307
0	0.84	0.894	0.455958	0.07111	0.0868186	0.00285573
0	0.85	0.8755	0.459877	0.0657454	0.0858139	0.0026712
0	0.86	0.8565	0.449602	0.0609425	0.0870202	0.00229223
0	0.87	0.859	0.440821	0.0607478	0.0879883	0.00219211
0	0.88	0.8785	0.426499	0.0651058	0.0889523	0.00175403
0	0.89	0.875	0.424357	0.0646945	0.0890019	0.00140631
0	0.9	0.839	0.425638	0.0577288	0.0885539	0.00135179
0	0.91	0.875	0.405593	0.0650429	0.0897767	0.00122642
0	0.92	0.881	0.397154	0.0682669	0.0906626	0.00112146
0	0.93	0.9005	0.388296	0.0741075	0.0914776	0.00110811
0	0.94	0.8845	0.385628	0.065773	0.0913841	0.0012979
0	0.95	0.879	0.382264	0.0624334	0.0918678	0.00130435
0	0.96	0.8775	0.37988	0.0613153	0.092636	0.00132307
0	0.97	0.898	0.360497	0.0589076	0.0937895	0.00114623
0	0.98	0.9175	0.349744	0.0604903	0.0937832	0.00132094
0	0.99	0.9075	0.347052	0.0544388	0.0939078	0.00136524
