0	0	0.838	0.324314	0.0401763	0.0920132	0.00163137
0	0.01	0.836	0.344888	0.0554854	0.0902029	0.00137156
0	0.02	0.8455	0.352597	0.0638921	0.0891174	0.00122107
0	0.03	0.8425	0.358966	0.065405	0.0883341	0.00113478
0	0.04	0.8355	0.375216	0.063567	0.0860457	0.00119942
0	0.05	0.82	0.392996	0.0617584	0.0845941	0.00130831
0	0.06	0.852	0.400505	0.0686168	0.0846655	0.00124417
0	0.07	0.8595	0.411683	0.0662159	0.0828961	0.00177892
0	0.08	0.867	0.421226	0.0738764	0.0816684	0.00157923
0	0.09	0.9065	0.424843	0.0793543	0.0814539	0.00183283
0	0.1	0.9025	0.443213	0.0732992	0.0801077	0.00214154
0	0.11	0.9085	0.442737	0.0795955	0.0799352	0.00196711
0	0.12	0.89	0.45116	0.0705737	0.078948	0.00211964
0	0.13	0.913	0.455563	0.0809087	0.0782604	0.00233806
0	0.14	0.926	0.457635	0.0867535	0.0778126	0.00229736
0	0.15	0.937	0.459848	0.0858786	0.078153	0.00280681
0	0.16	0.914	0.476859	0.0767149	0.0750542	0.002392
0	0.17	0.9115	0.480639	0.0817269	0.0746593	0.00210948
0	0.18	0.906	0.483793	0.078861	0.0743558	0.00215042
0	0.19	0.906	0.485146	0.0795672	0.0735209	0.00230009
0	0.2	0.927	0.484231	0.0756181	0.0731564	0.00217755
0	0.21	0.931	0.488015	0.0701862	0.0729494	0.00199331
0	0.22	0.9275	0.496773	0.0622272	0.0723556	0.00159993
0	0.23	0.914	0.505204	0.0568864	0.0722102	0.00148388
0	0.24	0.915	0.508311	0.0642113	0.0723073	0.0014098
0	0.25	0.896	0.516881	0.0640996	0.0718112	0.00248043
0	0.26	0.9305	0.518256	0.0841412	0.0704989	0.00290752
0	0.27	0.9465	0.517706	0.0898412	0.0700287	0.0030657
0	0.28	0.9345	0.525588	0.0741303	0.0682951	0.00356359
0	0.29	0.9415	0.522907	0.074494	0.0692929	0.00346723
0	0.3	0.9125	0.534681	0.0662268	0.0675748	0.00293513
0	0.31	0.915	0.534915	0.0649513	0.068563	0.00285705
0	0.32	0.9315	0.533187	0.0744863	0.0682456	0.00297767
0	0.33	0.907	0.543475	0.0678272	0.0662448	0.00270027
0	0.34	0.8995	0.54779	0.068037	0.0654414	0.00282451
0	0.35	0.906	0.545516	0.0758961	0.0671992	0.0026121
0	0.36	0.9175	0.546123	0.0826938	0.0664374	0.00262559
0	0.37	0.8835	0.560143	0.0667663	0.063981	0.00253513
0	0.38	0.886	0.557933	0.0656543	0.0655034	0.00260782
0	0.39	0.8895	0.563355	0.0672823	0.0623141	0.00246228
0	0.4	0.9185	0.556462	0.0789832	0.0632628	0.00309607
0	0.41	0.918	0.556279	0.0771469	0.0639001	0.00312717
0	0.42	0.9235	0.554957	0.0793387	0.0641717	0.00331698
0	0.43	0.933	0.553717	0.0815238	0.0647413	0.00365517
0	0.44	0.953	0.549168	0.100382	0.0652999	0.00263921
0	0.45	0.9455	0.551944	0.0926949	0.064763	0.00283744
0	0.46	0.899	0.567587	0.0582323	0.0618633	0.00293135
0	0.47	0.938	0.556012	0.0630871	0.0639724	0.00177772
0	0.48	0.928	0.557294	0.0620966	0.0644978	0.00165436
0	0.49	0.9465	0.547504	0.0728683	0.0681307	0.00155785
0	0.5	0.943	0.552732	0.0638155	0.0652267	0.0020706
0	0.51	0.9405	0.550639	0.0712313	0.0668573	0.00145479
0	0.52	0.939	0.552921	0.0575513	0.0659029	0.00125573
0	0.53	0.9205	0.555595	0.0583625	0.0666155	0.00116862
0	0.54	0.917	0.557985	0.0554372	0.0656494	0.00100325
0	0.55	0.9395	0.550342	0.0606211	0.0669246	0.00114813
0	0.56	0.9335	0.553582	0.0571574	0.06547	0.00134086
0	0.57	0.9265	0.556518	0.0518191	0.0645055	0.00123492
0	0.58	0.928	0.553662	0.0602128	0.0656766	0.00101556
0	0.59	0.956	0.546973	0.0694091	0.0656276	0.00104872
0	0.6	0.949	0.547394	0.0658685	0.0660357	0.00140513
0	0.61	0.93	0.552215	0.0609517	0.0650359	0.00137942
0	0.62	0.906	0.555886	0.0501728	0.065114	0.00160175
0	0.63	0.916	0.547497	0.0637443	0.0692139	0.00215506
0	0.64	0.8735	0.562159	0.0510638	0.0651181	0.00190191
0	0.65	0.902	0.551835	0.0594361	0.0660943	0.00205695
0	0.66	0.898	0.550391	0.0612225	0.0652845	0.00199848
0	0.67	0.8705	0.556527	0.0620313	0.0635622	0.00244793
0	0.68	0.901	0.540167	0.0802803	0.0672039	0.0021352
0	0.69	0.9095	0.537277	0.0823126	0.0671836	0.00219288
0	0.7	0.8985	0.537579	0.0763326	0.0672419	0.00225446
0	0.71	0.902	0.533063	0.0733685	0.0678844	0.00247285
0	0.72	0.914	0.522461	0.0722407	0.0708453	0.00320651
0	0.73	0.907	0.526239	0.0730503	0.0685249	0.00289385
0	0.74	0.926	0.518962	0.0739881	0.0683065	0.00359404
0	0.75	0.928	0.516262	0.0752756	0.0686558	0.0036859
0	0.76	0.939	0.507366	0.0883066	0.072	0.00353591
0	0.77	0.9085	0.517508	0.0692803	0.0685409	0.0031328
0	0.78	0.9175	0.512539	0.0690836	0.0692494	0.00337508
0	0.79	0.9235	0.507942	0.092068	0.0699081	0.00418984
0	0.8	0.924	0.500005	0.0968679	0.0713091	0.00433717
0	0.81	0.9195	0.496065	0.0962676	0.0729519	0.00399286
0	0.82	0.918	0.492609	0.0956194	0.0732853	0.00407261
0	0.83	0.907	0.493337	0.0898604	0.0729375	0.00413383
0	0.84	0.9155	0.486095	0.0943805	0.0736843	0.00388705
0	0.85	0.916	0.482759	0.0946746	0.0743678	0.00395383
0	0.86	0.919	0.480566	0.0967096	0.0746308	0.00400183
0	0.87	0.9295	0.473077	0.101007	0.0754136	0.0034859
0	0.88	0.94	0.467667	0.110629	0.0760579	0.00347443
0	0.89	0.936	0.46473	0.103777	0.0764774	0.00385407
0	0.9	0.9385	0.460279	0.103517	0.0770671	0.00405658
0	0.91	0.9115	0.457444	0.078868	0.0782889	0.00437793
0	0.92	0.916	0.447341	0.0926712	0.0801519	0.00326009
0	0.93	0.872	0.441938	0.0776459	0.0808093	0.00272336
0	0.94	0.862	0.437993	0.0738048	0.081331	0.00259668
0	0.95	0.856	0.42553	0.0699266	0.0828479	0.00267038
0	0.96	0.8815	0.403038	0.0752478	0.0859015	0.00254601
0	0.97	0.844	0.393795	0.0611187	0.086336	0.00233744
0	0.98	0.8825	0.373887	0.0616511	0.0889091	0.00246091
0	0.99	0.8705	0.36313	0.0530548	0.0889888	0.00221296
