0	0	0.9305	0.353417	0.0247503	0.0836543	0.00176966
0	0.01	0.9525	0.362235	0.0442987	0.0829892	0.00187448
0	0.02	0.959	0.36314	0.0526419	0.0826421	0.00200756
0	0.03	0.9485	0.372033	0.0521186	0.0802928	0.00170967
0	0.04	0.945	0.379374	0.0569628	0.0800146	0.00164299
0	0.05	0.944	0.382591	0.063547	0.0792857	0.00171198
0	0.06	0.9465	0.38477	0.0613819	0.0781866	0.00198672
0	0.07	0.9455	0.390982	0.0770957	0.0772549	0.00140604
0	0.08	0.9465	0.392889	0.0820834	0.077403	0.00127676
0	0.09	0.921	0.403396	0.0786802	0.0767998	0.0019632
0	0.1	0.916	0.407872	0.0764785	0.0763309	0.00203036
0	0.11	0.9235	0.410228	0.0794691	0.0759829	0.00210526
0	0.12	0.928	0.414695	0.0906245	0.0756713	0.00184372
0	0.13	0.912	0.420482	0.0826537	0.0752396	0.00192945
0	0.14	0.9055	0.424856	0.0811712	0.0747007	0.00241429
0	0.15	0.875	0.437423	0.0687206	0.073917	0.00245012
0	0.16	0.896	0.438712	0.078998	0.0743239	0.00232019
0	0.17	0.9135	0.44034	0.0839269	0.0741706	0.00220481
0	0.18	0.8985	0.446648	0.0741443	0.0739203	0.00224638
0	0.19	0.8805	0.455436	0.0667925	0.0735856	0.00261866
0	0.2	0.9265	0.448795	0.0833854	0.0766565	0.00241797
0	0.21	0.893	0.458991	0.0685846	0.0769517	0.00240959
0	0.22	0.8695	0.477317	0.0700627	0.0738538	0.00192382
0	0.23	0.8915	0.470877	0.074224	0.0751246	0.0019378
0	0.24	0.8735	0.477481	0.0735175	0.0752624	0.00235262
0	0.25	0.858	0.483477	0.0699822	0.0753117	0.00227345
0	0.26	0.88	0.481717	0.0791628	0.0764342	0.00236724
0	0.27	0.883	0.484379	0.0791451	0.076118	0.00243517
0	0.28	0.8725	0.489233	0.0751865	0.0764631	0.00261522
0	0.29	0.874	0.490296	0.0815989	0.0774072	0.00243454
0	0.3	0.8945	0.493695	0.0798403	0.0763182	0.0028525
0	0.31	0.892	0.496028	0.0817503	0.0762708	0.00261673
0	0.32	0.861	0.510966	0.0730671	0.0752095	0.00285122
0	0.33	0.8485	0.515463	0.0691599	0.0760477	0.00236096
0	0.34	0.861	0.50946	0.0749877	0.0789858	0.00230079
0	0.35	0.864	0.511956	0.0746603	0.0781131	0.00223971
0	0.36	0.842	0.518358	0.0681974	0.0788627	0.00233867
0	0.37	0.864	0.516517	0.07396	0.0782182	0.00252447
0	0.38	0.8855	0.518394	0.0744335	0.0760965	0.00220929
0	0.39	0.8895	0.516739	0.0665068	0.0777341	0.00236947
0	0.4	0.8885	0.52362	0.0638236	0.0751582	0.0019231
0	0.41	0.852	0.538984	0.0558526	0.0716629	0.00200614
0	0.42	0.834	0.548375	0.056467	0.0704539	0.00189975
0	0.43	0.8795	0.541395	0.059938	0.0697189	0.00188468
0	0.44	0.889	0.538149	0.0638584	0.0713528	0.00190507
0	0.45	0.885	0.540484	0.0631924	0.0710186	0.0018488
0	0.46	0.911	0.538141	0.0704891	0.0696409	0.0019037
0	0.47	0.9185	0.537322	0.0720954	0.0694158	0.00199226
0	0.48	0.9335	0.534634	0.0734012	0.0692377	0.00210535
0	0.49	0.923	0.542835	0.0620092	0.0660827	0.00157119
0	0.5	0.9125	0.546567	0.0652717	0.0654627	0.00154533
0	0.51	0.9	0.549468	0.0682655	0.0653884	0.00173546
0	0.52	0.918	0.549197	0.0657641	0.0637938	0.00179079
0	0.53	0.914	0.553327	0.0684366	0.061688	0.00168307
0	0.54	0.9015	0.55768	0.0692287	0.0605383	0.00183353
0	0.55	0.895	0.557184	0.0703339	0.0613344	0.00164915
0	0.56	0.8925	0.556779	0.0703591	0.0617619	0.00183771
0	0.57	0.9165	0.550973	0.0777468	0.0618601	0.00167046
0	0.58	0.9275	0.549288	0.0936313	0.0610773	0.0016429
0	0.59	0.937	0.547929	0.0923111	0.0605517	0.00197028
0	0.6	0.907	0.55551	0.083756	0.0593593	0.00228622
0	0.61	0.893	0.558117	0.0769273	0.0591983	0.00246504
0	0.62	0.893	0.559023	0.0783824	0.0582064	0.00238208
0	0.63	0.9145	0.550678	0.0917172	0.0601743	0.00210135
0	0.64	0.9025	0.555585	0.0720917	0.0582025	0.0031037
0	0.65	0.916	0.55006	0.0777547	0.0591346	0.00323411
0	0.66	0.936	0.541691	0.0948599	0.0612732	0.00279303
0	0.67	0.936	0.540805	0.079864	0.0611148	0.0030359
0	0.68	0.9295	0.54287	0.0787373	0.0602701	0.00266651
0	0.69	0.923	0.542479	0.0770952	0.0602696	0.00296264
0	0.7	0.8965	0.545586	0.0639983	0.0605992	0.00272392
0	0.71	0.9255	0.535207	0.0759472	0.0622383	0.00230159
0	0.72	0.92	0.534838	0.0772299	0.0624117	0.0022286
0	0.73	0.907	0.536802	0.0700434	0.062445	0.00230174
0	0.74	0.9155	0.53261	0.0713247	0.0616955	0.00224712
0	0.75	0.922	0.525053	0.0747358	0.0643974	0.00224977
0	0.76	0.9245	0.521887	0.0844683	0.0641885	0.0023309
0	0.77	0.937	0.51689	0.095469	0.0640123	0.00218466
0	0.78	0.942	0.51485	0.098315	0.0642385	0.00183418
0	0.79	0.9335	0.512398	0.0858549	0.0653509	0.00229944
0	0.8	0.923	0.515161	0.0840401	0.0647175	0.00290193
0	0.81	0.926	0.513261	0.085777	0.0649449	0.0027739
0	0.82	0.9315	0.508388	0.0897689	0.066011	0.00271486
0	0.83	0.919	0.50755	0.0943036	0.0663401	0.00219232
0	0.84	0.9055	0.511256	0.0848299	0.0656765	0.00237733
0	0.85	0.9125	0.502829	0.0801864	0.0674134	0.00250805
0	0.86	0.9265	0.494764	0.0866567	0.0689543	0.00222715
0	0.87	0.919	0.494495	0.0823561	0.0690001	0.00250901
0	0.88	0.9005	0.492247	0.0786006	0.0704347	0.00229559
0	0.89	0.9125	0.482644	0.0819974	0.0720641	0.00240685
0	0.9	0.9075	0.472892	0.082144	0.0743594	0.00229355
0	0.91	0.9015	0.469691	0.0783959	0.075483	0.00231351
0	0.92	0.9015	0.463498	0.0752922	0.0770511	0.00229978
0	0.93	0.9055	0.453775	0.0773086	0.0790093	0.00226276
0	0.94	0.886	0.450987	0.0713474	0.0799887	0.00191427
0	0.95	0.903	0.442963	0.0748862	0.0816712	0.0020967
0	0.96	0.9305	0.422028	0.0720353	0.084967	0.00185617
0	0.97	0.9385	0.418642	0.0752412	0.085567	0.00184636
0	0.98	0.934	0.413718	0.0692266	0.086537	0.00208009
0	0.99	0.936	0.407052	0.0660493	0.0880176	0.00233276
