0	0	0.933	0.420313	0.0409547	0.115929	0.00158096
0	0.01	0.9335	0.428278	0.0493292	0.114562	0.00128301
0	0.02	0.9285	0.432834	0.0586127	0.113853	0.0018862
0	0.03	0.915	0.442824	0.0577125	0.112369	0.00173081
0	0.04	0.9105	0.447587	0.0585824	0.111301	0.0016837
0	0.05	0.8925	0.465874	0.0562378	0.106951	0.00165354
0	0.06	0.889	0.477838	0.0617715	0.105925	0.0015346
0	0.07	0.873	0.494463	0.066326	0.102261	0.00134864
0	0.08	0.862	0.506398	0.0663404	0.0987977	0.00129955
0	0.09	0.88	0.511627	0.0713216	0.0974133	0.00129433
0	0.1	0.894	0.515129	0.0737596	0.0964654	0.00150032
0	0.11	0.889	0.532979	0.0710663	0.0931565	0.00147183
0	0.12	0.898	0.53196	0.0733781	0.0928137	0.00149934
0	0.13	0.8785	0.545118	0.0691592	0.089977	0.00140587
0	0.14	0.9015	0.54377	0.0714785	0.0895677	0.00156363
0	0.15	0.937	0.537738	0.0802556	0.0905226	0.00173737
0	0.16	0.938	0.539429	0.0794838	0.0899088	0.00187868
0	0.17	0.941	0.540977	0.0816002	0.0892608	0.00193202
0	0.18	0.9695	0.539552	0.0701054	0.0893735	0.00100841
0	0.19	0.952	0.54601	0.0535979	0.088933	0.00100053
0	0.2	0.931	0.559212	0.0528371	0.0859943	0.00137199
0	0.21	0.947	0.555396	0.0561854	0.0868255	0.00142064
0	0.22	0.953	0.552165	0.0655721	0.088467	0.00133526
0	0.23	0.9535	0.553739	0.0679609	0.0882102	0.00126297
0	0.24	0.973	0.554912	0.0850364	0.0874356	0.00152848
0	0.25	0.9505	0.562579	0.0676128	0.0869367	0.00132521
0	0.26	0.8945	0.591832	0.0574744	0.0792891	0.0011076
0	0.27	0.89	0.593661	0.0564796	0.0800214	0.00106881
0	0.28	0.8995	0.592885	0.063441	0.0798296	0.001012
0	0.29	0.874	0.608063	0.0587756	0.0763268	0.00123794
0	0.3	0.87	0.616894	0.0556336	0.0734818	0.00126858
0	0.31	0.9105	0.611622	0.0628001	0.074248	0.00127832
0	0.32	0.9345	0.604636	0.064186	0.0768072	0.00173916
0	0.33	0.8905	0.628816	0.052983	0.0692453	0.00222523
0	0.34	0.894	0.632576	0.0548983	0.065671	0.00229847
0	0.35	0.9385	0.618977	0.0725605	0.0693293	0.00257572
0	0.36	0.9355	0.624009	0.0718884	0.0671816	0.00255128
0	0.37	0.9515	0.623099	0.0760771	0.0663162	0.00318297
0	0.38	0.9555	0.624634	0.0841681	0.0651091	0.0034793
0	0.39	0.9615	0.623903	0.0909533	0.0648976	0.00408388
0	0.4	0.946	0.630982	0.0708642	0.063351	0.00424649
0	0.41	0.944	0.633001	0.0830923	0.0626592	0.00411995
0	0.42	0.94	0.639102	0.0983529	0.0598109	0.003846
0	0.43	0.9365	0.641168	0.0957634	0.0592064	0.00391983
0	0.44	0.951	0.635737	0.105838	0.0610941	0.00423632
0	0.45	0.923	0.646599	0.104479	0.0583745	0.00301252
0	0.46	0.922	0.647168	0.105239	0.0583745	0.00294835
0	0.47	0.907	0.655023	0.0965489	0.0552059	0.00294522
0	0.48	0.9095	0.654545	0.102331	0.0554225	0.00307119
0	0.49	0.8955	0.662513	0.0938739	0.0517876	0.00324508
0	0.5	0.904	0.657922	0.097384	0.0538526	0.00326324
0	0.51	0.9085	0.656261	0.098817	0.0543826	0.00330372
0	0.52	0.9055	0.655749	0.0930195	0.0550728	0.00386862
0	0.53	0.9315	0.642242	0.105914	0.059553	0.00417237
0	0.54	0.957	0.632886	0.112009	0.061246	0.00452624
0	0.55	0.9455	0.634516	0.0928095	0.0611667	0.0050739
0	0.56	0.952	0.631725	0.10373	0.0615031	0.00470243
0	0.57	0.953	0.631134	0.108231	0.0615838	0.00426006
0	0.58	0.949	0.632928	0.0987094	0.0606545	0.00459928
0	0.59	0.9565	0.629739	0.106829	0.0615151	0.00458201
0	0.6	0.961	0.626149	0.0939522	0.0629252	0.0048911
0	0.61	0.945	0.624838	0.0776824	0.0652174	0.00307292
0	0.62	0.952	0.62212	0.0823762	0.0656708	0.00321463
0	0.63	0.934	0.62585	0.0711106	0.0654937	0.00295312
0	0.64	0.94	0.623473	0.0780999	0.0655491	0.00301704
0	0.65	0.9365	0.622028	0.0736506	0.0665953	0.00318112
0	0.66	0.928	0.621832	0.0674823	0.0667395	0.00407417
0	0.67	0.9395	0.614562	0.0736405	0.068771	0.0026472
0	0.68	0.955	0.609203	0.0770326	0.0688629	0.00355563
0	0.69	0.952	0.609365	0.0681576	0.069112	0.00374848
0	0.7	0.97	0.600531	0.0871304	0.0715122	0.00463448
0	0.71	0.9395	0.603366	0.0548525	0.0725255	0.00509207
0	0.72	0.9285	0.599021	0.0876032	0.074424	0.00459489
0	0.73	0.9275	0.595045	0.109697	0.0763648	0.00423012
0	0.74	0.918	0.594267	0.10689	0.0770684	0.0047048
0	0.75	0.905	0.597052	0.099604	0.075938	0.00436492
0	0.76	0.893	0.597609	0.100118	0.076786	0.00412014
0	0.77	0.878	0.598546	0.0960828	0.0769635	0.00400449
0	0.78	0.8785	0.591044	0.0969877	0.0795346	0.00398081
0	0.79	0.8895	0.582692	0.109258	0.0816429	0.00345318
0	0.8	0.892	0.580726	0.107926	0.0820891	0.00383625
0	0.81	0.893	0.576659	0.110964	0.0830755	0.0036238
0	0.82	0.8865	0.566797	0.0971774	0.0866911	0.00469615
0	0.83	0.9095	0.550766	0.112286	0.0912531	0.00452206
0	0.84	0.893	0.549137	0.0988546	0.0917075	0.00472165
0	0.85	0.871	0.55197	0.0907987	0.0916339	0.00448138
0	0.86	0.8915	0.542216	0.0962137	0.0933637	0.00472035
0	0.87	0.9015	0.531775	0.102124	0.0959372	0.00456454
0	0.88	0.9165	0.522653	0.117434	0.0975911	0.0039613
0	0.89	0.926	0.515118	0.118311	0.099534	0.00426259
0	0.9	0.9075	0.516764	0.106584	0.0997652	0.00409234
0	0.91	0.8905	0.509965	0.0910005	0.101468	0.00479972
0	0.92	0.8975	0.496552	0.0938064	0.10333	0.00434641
0	0.93	0.9135	0.48192	0.0873359	0.105858	0.00414688
0	0.94	0.8985	0.475892	0.0813402	0.108127	0.00364157
0	0.95	0.9135	0.466001	0.0792508	0.110244	0.00225109
0	0.96	0.875	0.456906	0.0610415	0.111487	0.00224835
0	0.97	0.848	0.443446	0.0530102	0.113452	0.00166836
0	0.98	0.8625	0.432509	0.0498658	0.115553	0.00121598
0	0.99	0.848	0.428469	0.0436407	0.117842	0.00115445
