0	0	0.8945	0.317477	0.0391563	0.0807418	0.00133062
0	0.01	0.892	0.32923	0.051252	0.0790317	0.00106771
0	0.02	0.881	0.341562	0.0513152	0.0784756	0.0013139
0	0.03	0.895	0.352606	0.0599902	0.0798124	0.00112362
0	0.04	0.887	0.3612	0.0625424	0.0801467	0.00111061
0	0.05	0.8775	0.372046	0.0621131	0.0792962	0.00131662
0	0.06	0.8595	0.382506	0.0536096	0.077448	0.00157783
0	0.07	0.911	0.382747	0.0713805	0.0778958	0.00149287
0	0.08	0.9325	0.3801	0.0772403	0.0778202	0.00172472
0	0.09	0.9435	0.394812	0.0798553	0.0778887	0.00230534
0	0.1	0.926	0.406835	0.0689894	0.0762045	0.00235367
0	0.11	0.94	0.407364	0.0757582	0.0757976	0.00250303
0	0.12	0.905	0.420378	0.0731702	0.0747066	0.00170865
0	0.13	0.904	0.422812	0.0751094	0.0744808	0.00162942
0	0.14	0.8945	0.42877	0.0756354	0.0741094	0.00166861
0	0.15	0.8925	0.434336	0.0805085	0.0741565	0.0016388
0	0.16	0.893	0.435182	0.0800126	0.0744714	0.00151807
0	0.17	0.891	0.44071	0.0763242	0.0741023	0.00166013
0	0.18	0.8915	0.444288	0.067547	0.0742639	0.00191797
0	0.19	0.889	0.453538	0.072091	0.0737368	0.00150339
0	0.2	0.8865	0.4584	0.0721076	0.0734362	0.00163012
0	0.21	0.902	0.460822	0.0722613	0.0730183	0.00177092
0	0.22	0.8845	0.470154	0.082693	0.0724101	0.00276933
0	0.23	0.899	0.469981	0.0821478	0.0732446	0.00301255
0	0.24	0.8645	0.480105	0.0738147	0.0735504	0.00335028
0	0.25	0.893	0.481402	0.090983	0.074213	0.00330003
0	0.26	0.881	0.491452	0.083402	0.0737776	0.00328711
0	0.27	0.871	0.500726	0.0826488	0.0722873	0.00311962
0	0.28	0.868	0.504947	0.0844729	0.0726498	0.00299158
0	0.29	0.855	0.516752	0.0831037	0.0702738	0.00304773
0	0.3	0.8535	0.520436	0.0867713	0.0701961	0.00322001
0	0.31	0.866	0.522908	0.0911794	0.0702407	0.00343766
0	0.32	0.8675	0.52568	0.0963526	0.0687478	0.0031581
0	0.33	0.8855	0.523685	0.100011	0.0693954	0.003367
0	0.34	0.8715	0.530799	0.0974948	0.0683721	0.0032255
0	0.35	0.845	0.541358	0.0908064	0.066631	0.00320908
0	0.36	0.845	0.544432	0.089535	0.0652984	0.0031378
0	0.37	0.86	0.541589	0.08613	0.0672361	0.00367313
0	0.38	0.871	0.540084	0.0902273	0.0699971	0.00344135
0	0.39	0.869	0.548334	0.0932879	0.0665763	0.00316371
0	0.4	0.8845	0.543524	0.103822	0.0683456	0.00255697
0	0.41	0.8905	0.543948	0.106179	0.0679721	0.00216257
0	0.42	0.875	0.550385	0.0964365	0.0666943	0.0026112
0	0.43	0.8705	0.551421	0.0887477	0.0675389	0.00252118
0	0.44	0.8535	0.562399	0.0808376	0.0636344	0.00272982
0	0.45	0.875	0.55927	0.0826461	0.0635812	0.00267335
0	0.46	0.882	0.559144	0.0773714	0.0631816	0.00282965
0	0.47	0.876	0.564458	0.073021	0.061602	0.00274196
0	0.48	0.9075	0.556427	0.0784124	0.0631189	0.00236183
0	0.49	0.9215	0.551747	0.0695068	0.0647119	0.00204357
0	0.5	0.9295	0.549431	0.0767008	0.0652114	0.00226015
0	0.51	0.916	0.555973	0.0761803	0.0627955	0.00195948
0	0.52	0.9095	0.556561	0.0691438	0.0629023	0.00226128
0	0.53	0.92	0.55412	0.0756887	0.0630164	0.00189385
0	0.54	0.9145	0.554942	0.0661038	0.0636472	0.00206684
0	0.55	0.907	0.559716	0.0634937	0.0613505	0.00201748
0	0.56	0.909	0.559857	0.0658934	0.0609552	0.00200298
0	0.57	0.8995	0.56158	0.0654189	0.0603595	0.00213331
0	0.58	0.8985	0.560561	0.0608348	0.0602477	0.00168192
0	0.59	0.906	0.557307	0.066294	0.0602782	0.00140793
0	0.6	0.922	0.554793	0.0669147	0.0590191	0.00132338
0	0.61	0.916	0.557472	0.066217	0.058018	0.0012808
0	0.62	0.918	0.557299	0.0669941	0.0575933	0.00123449
0	0.63	0.9205	0.556686	0.0664227	0.0574599	0.0012162
0	0.64	0.9145	0.5577	0.062532	0.0571125	0.00106621
0	0.65	0.9375	0.549904	0.0688133	0.0577452	0.00155197
0	0.66	0.93	0.55125	0.0648114	0.0571393	0.00159929
0	0.67	0.9315	0.550346	0.0621134	0.0563936	0.00161536
0	0.68	0.9435	0.544905	0.0750627	0.0578808	0.00172651
0	0.69	0.919	0.552821	0.060242	0.0558157	0.00173997
0	0.7	0.9235	0.550757	0.0642538	0.0553098	0.00157154
0	0.71	0.9475	0.543675	0.0660458	0.0559258	0.00135459
0	0.72	0.9425	0.544971	0.0615056	0.0555879	0.00148411
0	0.73	0.952	0.540589	0.0700704	0.0565572	0.00116418
0	0.74	0.958	0.535846	0.0695694	0.0574825	0.00120798
0	0.75	0.9675	0.532287	0.0707823	0.0577898	0.00160957
0	0.76	0.9495	0.536608	0.0513779	0.0567821	0.00174715
0	0.77	0.946	0.528962	0.0563361	0.0581838	0.00151192
0	0.78	0.956	0.521002	0.0564714	0.0599705	0.00161622
0	0.79	0.956	0.520908	0.0525509	0.0597933	0.00178789
0	0.8	0.9665	0.511475	0.0710644	0.0623621	0.0014786
0	0.81	0.9365	0.511021	0.0825604	0.063581	0.0023769
0	0.82	0.922	0.51493	0.070629	0.0625702	0.00266188
0	0.83	0.9375	0.507073	0.0829591	0.0638414	0.00250178
0	0.84	0.927	0.503774	0.0680583	0.0641735	0.00312321
0	0.85	0.933	0.49815	0.0720695	0.0657689	0.00316556
0	0.86	0.946	0.48802	0.0885121	0.0675348	0.00278584
0	0.87	0.9475	0.487128	0.089855	0.0676181	0.00236183
0	0.88	0.9415	0.484365	0.0854248	0.0685597	0.00226088
0	0.89	0.933	0.48193	0.0760058	0.0693378	0.00266583
0	0.9	0.9445	0.472721	0.0869862	0.0707148	0.00242728
0	0.91	0.942	0.470847	0.0865455	0.0709507	0.00232027
0	0.92	0.9515	0.465125	0.0848119	0.0724196	0.00258902
0	0.93	0.9525	0.460453	0.0770681	0.0738946	0.00275558
0	0.94	0.956	0.453941	0.0745566	0.0750153	0.00292498
0	0.95	0.916	0.45588	0.0541173	0.075129	0.00200412
0	0.96	0.9185	0.439987	0.0505239	0.0784851	0.00153363
0	0.97	0.9315	0.429999	0.0586956	0.0801423	0.00143495
0	0.98	0.867	0.428129	0.0366897	0.0823582	0.00123899
0	0.99	0.8965	0.40875	0.0417787	0.0854362	0.00129189
