0	0	0.9175	0.341113	0.0409552	0.107087	0.00162742
0	0.01	0.8865	0.365971	0.0412535	0.106237	0.00141206
0	0.02	0.897	0.381725	0.0621563	0.106629	0.00217338
0	0.03	0.912	0.384968	0.0706172	0.106919	0.00206183
0	0.04	0.9125	0.396047	0.0746435	0.106993	0.00212115
0	0.05	0.9095	0.404779	0.0739572	0.10752	0.00213992
0	0.06	0.8725	0.44404	0.0665925	0.104079	0.00206616
0	0.07	0.872	0.450219	0.0733144	0.102711	0.00210722
0	0.08	0.873	0.458165	0.0730064	0.101574	0.00218162
0	0.09	0.8935	0.459265	0.0828196	0.100213	0.00196742
0	0.1	0.9025	0.459364	0.087911	0.100261	0.00201465
0	0.11	0.917	0.464144	0.0828515	0.0995445	0.00241615
0	0.12	0.9055	0.473072	0.0810781	0.0987497	0.00267771
0	0.13	0.878	0.485635	0.0695145	0.0972602	0.00302414
0	0.14	0.8775	0.499698	0.0658744	0.0958499	0.00307295
0	0.15	0.911	0.499839	0.0708895	0.0962458	0.0035521
0	0.16	0.913	0.511359	0.0745979	0.0941753	0.00333101
0	0.17	0.923	0.509085	0.0778622	0.095255	0.00350376
0	0.18	0.9285	0.51494	0.0883692	0.0937451	0.00341071
0	0.19	0.923	0.520955	0.0881386	0.0926929	0.00335014
0	0.2	0.9115	0.529417	0.0922839	0.0914814	0.00417176
0	0.21	0.92	0.535785	0.102149	0.0893169	0.00374032
0	0.22	0.882	0.553441	0.0851634	0.0861298	0.00350814
0	0.23	0.88	0.559323	0.0866086	0.0849063	0.00319656
0	0.24	0.9025	0.556196	0.09403	0.0857221	0.0034926
0	0.25	0.8915	0.560852	0.0860625	0.085046	0.00355908
0	0.26	0.8815	0.565342	0.0829467	0.0847248	0.00359017
0	0.27	0.9015	0.557605	0.0769048	0.0889749	0.00377295
0	0.28	0.9105	0.569033	0.0720393	0.0839918	0.00427064
0	0.29	0.9185	0.571592	0.0867225	0.0832058	0.00411151
0	0.3	0.9035	0.583757	0.0763276	0.0814839	0.00391088
0	0.31	0.904	0.591731	0.0802959	0.0793365	0.00374763
0	0.32	0.8975	0.596361	0.0792156	0.078085	0.00370653
0	0.33	0.8925	0.606004	0.0747242	0.0749888	0.00349478
0	0.34	0.916	0.597748	0.0876615	0.0772567	0.00341521
0	0.35	0.9375	0.591669	0.0967507	0.0781572	0.00364899
0	0.36	0.9125	0.602542	0.0858331	0.0755307	0.00388643
0	0.37	0.9175	0.601652	0.0814748	0.0760312	0.00383829
0	0.38	0.9165	0.603886	0.0768803	0.0754544	0.00387481
0	0.39	0.888	0.613249	0.0656931	0.07601	0.00286976
0	0.4	0.9005	0.613248	0.0746785	0.0746242	0.00278113
0	0.41	0.9145	0.612497	0.0845124	0.073469	0.0025837
0	0.42	0.9105	0.614039	0.0865573	0.0735041	0.00278825
0	0.43	0.92	0.609897	0.0835959	0.075536	0.00293245
0	0.44	0.9095	0.612361	0.0744343	0.0761875	0.00327397
0	0.45	0.913	0.612274	0.0813064	0.0768395	0.00328984
0	0.46	0.897	0.621062	0.0805186	0.0737517	0.00320528
0	0.47	0.89	0.626397	0.0744764	0.0713763	0.00303373
0	0.48	0.8885	0.630378	0.0753972	0.0691947	0.00292603
0	0.49	0.8585	0.646381	0.064262	0.0634637	0.00227904
0	0.5	0.8895	0.633137	0.0736322	0.0678442	0.00225925
0	0.51	0.9105	0.625717	0.0780231	0.0697287	0.00257086
0	0.52	0.9035	0.63485	0.0786021	0.0639637	0.0026137
0	0.53	0.9265	0.629892	0.0871799	0.0633643	0.00289259
0	0.54	0.9145	0.63671	0.0710019	0.0609827	0.0026586
0	0.55	0.9045	0.642445	0.0665815	0.0583565	0.00243828
0	0.56	0.8895	0.646189	0.068251	0.0579823	0.00240119
0	0.57	0.915	0.636922	0.0765641	0.0595129	0.00258883
0	0.58	0.9455	0.623311	0.0859551	0.0635663	0.00340717
0	0.59	0.9465	0.622706	0.0887003	0.063792	0.00359403
0	0.6	0.9645	0.615843	0.0998613	0.0655722	0.00431032
0	0.61	0.9595	0.617122	0.101159	0.0650901	0.00338643
0	0.62	0.961	0.616624	0.104124	0.0651229	0.00330865
0	0.63	0.959	0.617662	0.10242	0.0647384	0.00351934
0	0.64	0.964	0.615674	0.103827	0.0652533	0.00367151
0	0.65	0.927	0.629366	0.0680352	0.0606992	0.00329419
0	0.66	0.9125	0.629444	0.0509053	0.0612732	0.00329303
0	0.67	0.946	0.617088	0.0752532	0.0633808	0.0037157
0	0.68	0.947	0.617183	0.0703452	0.0628153	0.00401412
0	0.69	0.9535	0.612135	0.0743628	0.0644629	0.00421517
0	0.7	0.969	0.606335	0.0865571	0.0654819	0.00545491
0	0.71	0.9415	0.613525	0.0772474	0.0640736	0.00335124
0	0.72	0.9595	0.60547	0.0860274	0.0665028	0.00349261
0	0.73	0.9565	0.605863	0.0789389	0.0663814	0.00352479
0	0.74	0.9465	0.605966	0.0764237	0.0669891	0.00343573
0	0.75	0.9425	0.604171	0.0734277	0.0678152	0.00351909
0	0.76	0.936	0.602337	0.0706926	0.0688299	0.00318442
0	0.77	0.929	0.604278	0.0685752	0.0682693	0.00300768
0	0.78	0.9385	0.597922	0.0637882	0.0700913	0.00162126
0	0.79	0.9515	0.587874	0.0802443	0.0733605	0.00102667
0	0.8	0.9375	0.591419	0.0774984	0.072646	0.00122371
0	0.81	0.9335	0.582497	0.0589376	0.0755286	0.00171264
0	0.82	0.928	0.581886	0.0617948	0.0756825	0.00196249
0	0.83	0.9055	0.582589	0.0579136	0.0773272	0.00159185
0	0.84	0.9095	0.57292	0.061755	0.0805558	0.00142174
0	0.85	0.914	0.567715	0.0639854	0.0817778	0.0012928
0	0.86	0.9235	0.561056	0.064928	0.0839092	0.00132323
0	0.87	0.9015	0.56703	0.0651177	0.0817526	0.0013738
0	0.88	0.9035	0.56276	0.0657962	0.0834032	0.00141488
0	0.89	0.925	0.544481	0.0605271	0.0889021	0.0013088
0	0.9	0.9355	0.538101	0.0642193	0.0904339	0.00139598
0	0.91	0.9435	0.533352	0.0688195	0.0915016	0.00145503
0	0.92	0.946	0.526832	0.0685416	0.093262	0.00153622
0	0.93	0.9565	0.514952	0.0692231	0.0957224	0.00215143
0	0.94	0.945	0.5147	0.0664537	0.0963176	0.00168127
0	0.95	0.9485	0.507762	0.0681139	0.0976405	0.00139515
0	0.96	0.9515	0.504354	0.0679237	0.0989365	0.00145617
0	0.97	0.936	0.497815	0.0592714	0.099495	0.00123948
0	0.98	0.908	0.498597	0.0473352	0.100354	0.00113964
0	0.99	0.881	0.493581	0.0371464	0.102446	0.00102681
