0	0	0.849	0.350634	0.0515063	0.0914731	0.00217132
0	0.01	0.8555	0.361087	0.0596312	0.0899324	0.00211194
0	0.02	0.8735	0.369959	0.0720957	0.0888837	0.00172859
0	0.03	0.8645	0.380206	0.0727015	0.0881937	0.00163322
0	0.04	0.856	0.386693	0.0719129	0.087704	0.00159104
0	0.05	0.852	0.391814	0.0725196	0.0871447	0.00186539
0	0.06	0.87	0.400967	0.0782225	0.0865084	0.00205906
0	0.07	0.9035	0.406716	0.0888668	0.0853072	0.0024724
0	0.08	0.877	0.42034	0.0768555	0.0843416	0.00280435
0	0.09	0.8745	0.429038	0.0779765	0.0825718	0.00261472
0	0.1	0.91	0.429868	0.0881789	0.0821353	0.00298411
0	0.11	0.876	0.445257	0.0821897	0.0797331	0.00239441
0	0.12	0.865	0.453452	0.0826619	0.0786052	0.00224661
0	0.13	0.876	0.459792	0.0819991	0.0774454	0.00231204
0	0.14	0.873	0.464023	0.0844995	0.0768845	0.00266683
0	0.15	0.8765	0.465604	0.0829915	0.0768452	0.00267605
0	0.16	0.8855	0.466428	0.0872774	0.077081	0.00263236
0	0.17	0.871	0.476432	0.0685726	0.076185	0.00328525
0	0.18	0.8735	0.485564	0.0704836	0.0740089	0.00295262
0	0.19	0.885	0.489917	0.0774481	0.0735262	0.0028775
0	0.2	0.88	0.499014	0.0749395	0.0714365	0.00295817
0	0.21	0.9255	0.498487	0.0938322	0.0707312	0.00306351
0	0.22	0.9245	0.503386	0.0941882	0.0699667	0.00307809
0	0.23	0.9295	0.503707	0.0992696	0.0698421	0.0029761
0	0.24	0.9375	0.501834	0.0986365	0.0699989	0.00334911
0	0.25	0.9325	0.506098	0.0933101	0.0687648	0.00392624
0	0.26	0.929	0.507052	0.0904243	0.0689844	0.00406409
0	0.27	0.9265	0.508185	0.0900749	0.0689736	0.00380937
0	0.28	0.924	0.513445	0.091325	0.0681591	0.00360409
0	0.29	0.9285	0.512527	0.101069	0.0693013	0.00320692
0	0.3	0.928	0.513564	0.104371	0.0696959	0.00306029
0	0.31	0.9255	0.51443	0.105465	0.0699781	0.00288132
0	0.32	0.9065	0.526468	0.0960201	0.0674246	0.00290159
0	0.33	0.895	0.535047	0.0866607	0.0663639	0.00267957
0	0.34	0.8765	0.544622	0.075309	0.0650154	0.00209519
0	0.35	0.8575	0.553251	0.0771993	0.0644867	0.00145995
0	0.36	0.8315	0.563281	0.0680981	0.0630953	0.00168625
0	0.37	0.8435	0.561577	0.0697031	0.0637604	0.00150645
0	0.38	0.8675	0.554875	0.0736559	0.0649923	0.00154446
0	0.39	0.8735	0.555679	0.0729855	0.0642399	0.00159299
0	0.4	0.8605	0.56134	0.0644146	0.0634481	0.00175076
0	0.41	0.9185	0.544848	0.0802162	0.0671747	0.0016982
0	0.42	0.9175	0.546753	0.0783462	0.0666457	0.0015434
0	0.43	0.9115	0.552194	0.0686588	0.064472	0.00163297
0	0.44	0.911	0.553548	0.0619424	0.0642448	0.001481
0	0.45	0.914	0.55379	0.0731292	0.0642937	0.0015996
0	0.46	0.929	0.551887	0.0755348	0.063825	0.00136659
0	0.47	0.9315	0.551302	0.0743085	0.0638562	0.00157577
0	0.48	0.941	0.550541	0.0787973	0.0632734	0.00122312
0	0.49	0.9285	0.551103	0.0672832	0.0649721	0.00198936
0	0.5	0.942	0.551182	0.0759438	0.0631212	0.00156018
0	0.51	0.91	0.556445	0.069084	0.0641032	0.00218658
0	0.52	0.9085	0.555149	0.0717355	0.0653967	0.0021538
0	0.53	0.9025	0.557693	0.071225	0.0643582	0.00215909
0	0.54	0.8795	0.562955	0.0688356	0.0641873	0.00203623
0	0.55	0.878	0.563234	0.0701989	0.0642435	0.00196809
0	0.56	0.856	0.571873	0.0668608	0.0617856	0.00208827
0	0.57	0.868	0.564888	0.0752305	0.0640488	0.00190712
0	0.58	0.866	0.56558	0.0723369	0.0621399	0.001619
0	0.59	0.853	0.569421	0.065889	0.0601849	0.00183404
0	0.6	0.848	0.568855	0.0693781	0.0599077	0.00158046
0	0.61	0.8635	0.563798	0.0759118	0.0604191	0.00139688
0	0.62	0.8645	0.563129	0.0751633	0.0602685	0.0014375
0	0.63	0.871	0.559522	0.0753042	0.0610448	0.00152819
0	0.64	0.882	0.553619	0.0741199	0.0617606	0.00215822
0	0.65	0.925	0.539739	0.0806399	0.063022	0.00272367
0	0.66	0.929	0.536687	0.0852612	0.0634539	0.00270149
0	0.67	0.95	0.530983	0.0857403	0.0626892	0.00364965
0	0.68	0.9525	0.52804	0.0883217	0.0635547	0.00363184
0	0.69	0.954	0.527771	0.0911886	0.0633539	0.00351941
0	0.7	0.929	0.531322	0.0706444	0.0629193	0.00316829
0	0.71	0.948	0.523944	0.0510401	0.0639022	0.00179531
0	0.72	0.956	0.520357	0.0562851	0.0639313	0.00193216
0	0.73	0.957	0.518201	0.0596364	0.0639522	0.00232252
0	0.74	0.9495	0.51594	0.0579568	0.0644032	0.00224215
0	0.75	0.9295	0.516882	0.0514512	0.0641932	0.00176336
0	0.76	0.9205	0.519899	0.0536805	0.0633709	0.00192057
0	0.77	0.9485	0.507945	0.0683139	0.0645374	0.00237991
0	0.78	0.9515	0.506249	0.068945	0.0648558	0.00259266
0	0.79	0.9625	0.499241	0.0736407	0.0655029	0.00297849
0	0.8	0.9515	0.499801	0.073245	0.0653965	0.00251753
0	0.81	0.939	0.498885	0.0725243	0.065558	0.00212205
0	0.82	0.934	0.49727	0.0741932	0.0661166	0.00190819
0	0.83	0.919	0.497589	0.0603428	0.0656809	0.00197386
0	0.84	0.925	0.485479	0.0663687	0.0677641	0.00170993
0	0.85	0.93	0.482615	0.0707134	0.0682505	0.00158187
0	0.86	0.9275	0.478754	0.0641014	0.0690145	0.00203255
0	0.87	0.939	0.466505	0.0804518	0.0709734	0.00162188
0	0.88	0.941	0.464697	0.0837113	0.071267	0.00149525
0	0.89	0.9305	0.459518	0.0745533	0.0731107	0.00165777
0	0.9	0.901	0.459251	0.0648946	0.0735297	0.00157533
0	0.91	0.903	0.45308	0.0655584	0.0754309	0.00161798
0	0.92	0.9105	0.446628	0.0626999	0.0763809	0.0015231
0	0.93	0.92	0.439374	0.0662884	0.0774867	0.00158954
0	0.94	0.923	0.431168	0.0665607	0.0790505	0.00152565
0	0.95	0.905	0.424175	0.0656042	0.0805326	0.00106827
0	0.96	0.8905	0.423817	0.0590491	0.0807376	0.00120015
0	0.97	0.911	0.413615	0.0623892	0.0828528	0.00123412
0	0.98	0.925	0.404915	0.0678444	0.0843908	0.00124502
0	0.99	0.9195	0.401952	0.059141	0.0856414	0.00158837
