0	0	0.8455	0.342304	0.0405524	0.10574	0.0014333
0	0.01	0.8345	0.3587	0.0458887	0.105422	0.00124526
0	0.02	0.856	0.367273	0.0550683	0.10448	0.00119025
0	0.03	0.869	0.371153	0.0666321	0.1045	0.00160713
0	0.04	0.8715	0.378778	0.06574	0.10434	0.00174247
0	0.05	0.869	0.386409	0.0691019	0.103898	0.00171429
0	0.06	0.913	0.383326	0.082987	0.103613	0.00211168
0	0.07	0.885	0.396002	0.0729616	0.103268	0.00203826
0	0.08	0.8785	0.403282	0.0708325	0.103484	0.00207139
0	0.09	0.8695	0.420749	0.0673177	0.102874	0.00219283
0	0.1	0.893	0.433122	0.0710888	0.10372	0.00221344
0	0.11	0.8915	0.443715	0.0732008	0.102787	0.00217805
0	0.12	0.8915	0.449158	0.071638	0.102701	0.00225437
0	0.13	0.891	0.457373	0.0769235	0.101562	0.0018691
0	0.14	0.8575	0.473279	0.0687261	0.100444	0.00180013
0	0.15	0.8445	0.484645	0.0668885	0.09824	0.00188011
0	0.16	0.8545	0.498621	0.0676178	0.095675	0.00204972
0	0.17	0.8695	0.499361	0.0669712	0.0948544	0.00216955
0	0.18	0.874	0.506968	0.0698041	0.0937028	0.00227754
0	0.19	0.851	0.521758	0.061338	0.0924383	0.00233134
0	0.2	0.8825	0.51977	0.0645222	0.0926801	0.00263737
0	0.21	0.917	0.519815	0.0726723	0.0917656	0.00295112
0	0.22	0.933	0.524505	0.0860041	0.0895311	0.00273273
0	0.23	0.922	0.528817	0.0760762	0.0894052	0.0028023
0	0.24	0.912	0.53397	0.0720635	0.0886237	0.00261846
0	0.25	0.886	0.553288	0.0672992	0.0844164	0.0024875
0	0.26	0.8715	0.572357	0.0692285	0.0775568	0.00249603
0	0.27	0.898	0.569417	0.0728927	0.0779644	0.00224815
0	0.28	0.916	0.573454	0.0826398	0.0755229	0.00229208
0	0.29	0.935	0.570483	0.0957093	0.0759881	0.00204368
0	0.3	0.9015	0.587502	0.0739158	0.0719752	0.00256796
0	0.31	0.9105	0.587537	0.0796013	0.0709081	0.00240056
0	0.32	0.919	0.586299	0.0874118	0.0712373	0.00255618
0	0.33	0.9375	0.583773	0.0943095	0.0714699	0.00292481
0	0.34	0.939	0.582671	0.0956369	0.0724783	0.00283604
0	0.35	0.9325	0.58741	0.079744	0.0714476	0.003594
0	0.36	0.9495	0.584468	0.0993539	0.0718214	0.00293076
0	0.37	0.9165	0.598693	0.0810417	0.068706	0.00264034
0	0.38	0.904	0.605021	0.072439	0.0669743	0.00286463
0	0.39	0.9445	0.596803	0.0888848	0.0687358	0.00268585
0	0.4	0.9355	0.603189	0.07835	0.0658846	0.00281824
0	0.41	0.931	0.606657	0.0671568	0.0649769	0.00280237
0	0.42	0.921	0.61276	0.0601429	0.0627579	0.00277911
0	0.43	0.9425	0.609129	0.0763954	0.0623742	0.00283191
0	0.44	0.941	0.612454	0.0645842	0.0609866	0.00329521
0	0.45	0.967	0.606412	0.088119	0.0613381	0.00349463
0	0.46	0.971	0.60735	0.0577945	0.060577	0.00456944
0	0.47	0.9765	0.605831	0.101021	0.0614298	0.00396582
0	0.48	0.9525	0.615678	0.0757204	0.0586362	0.00291321
0	0.49	0.927	0.624895	0.0733201	0.0566348	0.00358145
0	0.5	0.9365	0.622425	0.0766752	0.0570671	0.00252699
0	0.51	0.95	0.619085	0.0896209	0.0573153	0.00240425
0	0.52	0.9455	0.619855	0.0947239	0.0573436	0.00212937
0	0.53	0.937	0.621777	0.0876715	0.0573608	0.0024332
0	0.54	0.9345	0.624272	0.0849978	0.0560795	0.00256826
0	0.55	0.9345	0.62484	0.0938977	0.0556789	0.0021179
0	0.56	0.9325	0.62452	0.0981675	0.0560988	0.00174327
0	0.57	0.9155	0.627235	0.0862239	0.0569174	0.00208579
0	0.58	0.916	0.626978	0.0866546	0.057012	0.00202486
0	0.59	0.9135	0.629979	0.0849558	0.0548115	0.00227048
0	0.6	0.932	0.622872	0.0869701	0.0565232	0.00217538
0	0.61	0.9195	0.624556	0.0853035	0.0572608	0.00199168
0	0.62	0.9235	0.621488	0.0867892	0.0583222	0.00212983
0	0.63	0.9295	0.619725	0.0916838	0.058285	0.0021543
0	0.64	0.9405	0.615105	0.101749	0.059292	0.00232135
0	0.65	0.9265	0.617035	0.094231	0.0597119	0.00249231
0	0.66	0.941	0.611288	0.103998	0.0605147	0.00208222
0	0.67	0.9095	0.618629	0.0886386	0.0594895	0.00279395
0	0.68	0.8925	0.620546	0.0822457	0.0596339	0.00187989
0	0.69	0.8835	0.62164	0.0794115	0.0598613	0.00182299
0	0.7	0.872	0.621774	0.0752034	0.0604096	0.00199281
0	0.71	0.873	0.613688	0.0758946	0.0639368	0.00197334
0	0.72	0.881	0.608376	0.0795711	0.0643155	0.00221317
0	0.73	0.928	0.586082	0.0975562	0.0698773	0.00253851
0	0.74	0.9085	0.591541	0.0797277	0.0688701	0.00311716
0	0.75	0.904	0.585095	0.0775524	0.0706188	0.00303064
0	0.76	0.91	0.576083	0.0738213	0.0724864	0.00343266
0	0.77	0.9195	0.568382	0.0738577	0.0737837	0.00358495
0	0.78	0.9345	0.558656	0.083448	0.0757674	0.00343058
0	0.79	0.9395	0.556173	0.0915609	0.0758071	0.00378919
0	0.8	0.9335	0.554481	0.0874987	0.0766072	0.00375861
0	0.81	0.941	0.549224	0.0969046	0.0782353	0.0035412
0	0.82	0.9355	0.545427	0.091618	0.0795687	0.00371422
0	0.83	0.9395	0.543451	0.0974637	0.0793101	0.00326858
0	0.84	0.93	0.542627	0.0845483	0.0795577	0.00350662
0	0.85	0.94	0.533694	0.0884505	0.0815268	0.00353819
0	0.86	0.945	0.520673	0.0924928	0.0835089	0.00334986
0	0.87	0.958	0.510621	0.0718009	0.0854083	0.0027464
0	0.88	0.9625	0.507616	0.0825059	0.0860918	0.00247377
0	0.89	0.942	0.500247	0.0565316	0.087624	0.00276281
0	0.9	0.9395	0.494646	0.0602025	0.0884774	0.00235491
0	0.91	0.949	0.487392	0.0697506	0.0902129	0.00223135
0	0.92	0.9345	0.48235	0.0650546	0.0909295	0.00193459
0	0.93	0.933	0.47803	0.0636689	0.0915221	0.00197741
0	0.94	0.9525	0.465155	0.0634489	0.0937628	0.00140818
0	0.95	0.9395	0.462168	0.0546547	0.0942937	0.00142921
0	0.96	0.9605	0.449564	0.0586404	0.0964391	0.0017012
0	0.97	0.953	0.445783	0.0454983	0.0981216	0.00147703
0	0.98	0.9755	0.434638	0.0547774	0.0998804	0.00165089
0	0.99	0.9695	0.43332	0.0437892	0.100873	0.00167803
