0	0	0.94	0.452737	0.0350049	0.109727	0.0011564
0	0.01	0.9355	0.465395	0.0454604	0.107871	0.000823844
0	0.02	0.9225	0.479834	0.0512245	0.104479	0.000627779
0	0.03	0.914	0.486421	0.0494554	0.10308	0.000641066
0	0.04	0.9125	0.496104	0.0483404	0.101535	0.00065255
0	0.05	0.949	0.491783	0.0608781	0.101934	0.000713025
0	0.06	0.944	0.495643	0.0568155	0.101294	0.000865769
0	0.07	0.9735	0.497767	0.0755513	0.100527	0.000709349
0	0.08	0.9555	0.51103	0.0761023	0.097563	0.00228626
0	0.09	0.934	0.52192	0.0609409	0.0953425	0.00207121
0	0.1	0.925	0.532225	0.0601834	0.0917835	0.00190813
0	0.11	0.9315	0.534274	0.0698165	0.0911492	0.00260563
0	0.12	0.946	0.53368	0.0801931	0.0910118	0.0027281
0	0.13	0.949	0.53739	0.0782873	0.089391	0.00306153
0	0.14	0.9595	0.538807	0.0853412	0.0892646	0.00320457
0	0.15	0.964	0.537172	0.0864473	0.0901213	0.00366696
0	0.16	0.941	0.548826	0.0681937	0.0874945	0.00404033
0	0.17	0.9405	0.552792	0.0695908	0.0856992	0.00381872
0	0.18	0.927	0.566419	0.0647714	0.0826489	0.00396393
0	0.19	0.9325	0.571743	0.0759399	0.0815645	0.00423732
0	0.2	0.9365	0.572663	0.0795405	0.0808134	0.00400342
0	0.21	0.927	0.585042	0.0711277	0.0775357	0.00459379
0	0.22	0.9445	0.584971	0.0947684	0.0769807	0.00394846
0	0.23	0.964	0.580017	0.101211	0.0784713	0.00423781
0	0.24	0.9465	0.587184	0.0835106	0.0770448	0.00408542
0	0.25	0.9375	0.590987	0.0823321	0.0764348	0.00356055
0	0.26	0.9445	0.591902	0.0956266	0.076437	0.003565
0	0.27	0.9465	0.592346	0.0903444	0.0765307	0.00419609
0	0.28	0.9105	0.609742	0.0714393	0.0719487	0.00352048
0	0.29	0.92	0.610239	0.0818195	0.0707584	0.00343434
0	0.3	0.9225	0.608899	0.0927311	0.0718157	0.004713
0	0.31	0.9385	0.603303	0.109707	0.0743147	0.00452968
0	0.32	0.9415	0.604031	0.112658	0.0740059	0.00475433
0	0.33	0.9465	0.603853	0.115942	0.0737427	0.00458817
0	0.34	0.9405	0.606452	0.105965	0.0731293	0.00505456
0	0.35	0.916	0.618626	0.0924911	0.0691261	0.00526411
0	0.36	0.8725	0.636733	0.0756895	0.0656569	0.00404346
0	0.37	0.903	0.63139	0.0771828	0.0658564	0.00434099
0	0.38	0.8905	0.637856	0.0708498	0.0645009	0.00419311
0	0.39	0.9025	0.63524	0.0703111	0.065452	0.00451045
0	0.4	0.917	0.627567	0.0739014	0.0687204	0.00504719
0	0.41	0.931	0.623712	0.0803866	0.0699868	0.00534831
0	0.42	0.974	0.613286	0.126844	0.0711627	0.00968688
0	0.43	0.9625	0.619931	0.0721751	0.0684769	0.00750203
0	0.44	0.9465	0.625611	0.0766087	0.0676574	0.00547058
0	0.45	0.9565	0.623741	0.0926511	0.0675983	0.00571206
0	0.46	0.9625	0.622303	0.105177	0.067787	0.00544072
0	0.47	0.952	0.626972	0.0882459	0.0661712	0.00547156
0	0.48	0.934	0.63088	0.0867921	0.0667711	0.00465251
0	0.49	0.9305	0.632134	0.0901421	0.0664643	0.00418782
0	0.5	0.9235	0.633013	0.0870305	0.0669533	0.00401927
0	0.51	0.9275	0.631002	0.0928949	0.0677336	0.00392836
0	0.52	0.934	0.627907	0.093812	0.0689029	0.00409484
0	0.53	0.8905	0.639955	0.0811753	0.0674892	0.00415325
0	0.54	0.864	0.650015	0.0739529	0.0646875	0.00369105
0	0.55	0.879	0.638241	0.0808971	0.0693144	0.0037301
0	0.56	0.842	0.647209	0.0725836	0.0701186	0.00314494
0	0.57	0.8335	0.65126	0.073045	0.0679401	0.00296321
0	0.58	0.839	0.645355	0.0744529	0.0703532	0.00276839
0	0.59	0.8275	0.648973	0.0694328	0.0690993	0.0029298
0	0.6	0.8755	0.623729	0.0705968	0.0772163	0.00223773
0	0.61	0.875	0.623479	0.0699247	0.0763855	0.00252619
0	0.62	0.932	0.601368	0.0948561	0.0793944	0.00311767
0	0.63	0.912	0.610167	0.0805812	0.0759474	0.00295843
0	0.64	0.9225	0.60613	0.0792741	0.076045	0.0029145
0	0.65	0.9045	0.613474	0.0712826	0.073278	0.00282241
0	0.66	0.921	0.604398	0.0746445	0.0753949	0.00330064
0	0.67	0.9265	0.602697	0.0808095	0.0751236	0.00310133
0	0.68	0.936	0.598259	0.0891702	0.0758959	0.00281776
0	0.69	0.9485	0.592558	0.0910016	0.0767583	0.0038053
0	0.7	0.9315	0.597872	0.0845795	0.0755976	0.00293674
0	0.71	0.9235	0.5976	0.0732967	0.0747827	0.00259764
0	0.72	0.9155	0.598658	0.0676885	0.0743756	0.00265156
0	0.73	0.9355	0.589022	0.0690449	0.0761936	0.00303714
0	0.74	0.9495	0.583155	0.0735634	0.076867	0.00313492
0	0.75	0.9545	0.577111	0.0588412	0.0776913	0.0011502
0	0.76	0.9485	0.57685	0.0603633	0.0776883	0.00126503
0	0.77	0.967	0.568706	0.0640016	0.0792898	0.00160468
0	0.78	0.966	0.567401	0.0630384	0.0795111	0.00158891
0	0.79	0.9555	0.563897	0.053469	0.0806035	0.000981506
0	0.8	0.953	0.563923	0.0535673	0.0806869	0.000932783
0	0.81	0.965	0.557396	0.0606232	0.0817213	0.00100919
0	0.82	0.966	0.553149	0.0605594	0.0827491	0.00116349
0	0.83	0.954	0.552209	0.0516676	0.0830182	0.000974969
0	0.84	0.948	0.549859	0.0508924	0.0839582	0.000972661
0	0.85	0.949	0.54635	0.0543981	0.0848044	0.000804211
0	0.86	0.9465	0.540677	0.0602385	0.0861676	0.000965398
0	0.87	0.9455	0.533145	0.0670629	0.0872784	0.00114683
0	0.88	0.9385	0.529995	0.0610685	0.0886765	0.0012949
0	0.89	0.9505	0.519878	0.0669776	0.0909065	0.00121681
0	0.9	0.9365	0.512404	0.0656213	0.0919965	0.00119416
0	0.91	0.9405	0.508214	0.0740325	0.0928362	0.000910588
0	0.92	0.9185	0.50838	0.0712519	0.0936897	0.00084318
0	0.93	0.94	0.497726	0.0791613	0.09632	0.000762411
0	0.94	0.912	0.494359	0.0645669	0.0970242	0.0010969
0	0.95	0.9005	0.493664	0.0569548	0.097689	0.00107115
0	0.96	0.9205	0.475645	0.0663286	0.101592	0.000800704
0	0.97	0.92	0.474487	0.0608467	0.102392	0.000820673
0	0.98	0.9095	0.470106	0.0554206	0.103962	0.000831848
0	0.99	0.9135	0.459397	0.0474247	0.107393	0.000848425
