0	0	0.9175	0.363939	0.0408718	0.101952	0.001191
0	0.01	0.9115	0.369646	0.0415207	0.101858	0.00121391
0	0.02	0.9035	0.375367	0.0433813	0.100974	0.0012396
0	0.03	0.922	0.390372	0.0511026	0.0999495	0.00134189
0	0.04	0.913	0.403471	0.0529775	0.0987111	0.00121025
0	0.05	0.9285	0.407703	0.064442	0.0988048	0.0010849
0	0.06	0.881	0.428021	0.0573077	0.0967002	0.00128072
0	0.07	0.8895	0.433051	0.0602051	0.095755	0.0011826
0	0.08	0.8785	0.457585	0.0580002	0.0923263	0.00113368
0	0.09	0.8845	0.46223	0.0569977	0.0918247	0.00130134
0	0.1	0.868	0.474316	0.0553204	0.0895306	0.00162005
0	0.11	0.877	0.487422	0.056256	0.0869613	0.00172581
0	0.12	0.92	0.478858	0.0646125	0.0887586	0.00232201
0	0.13	0.887	0.497865	0.0670237	0.084398	0.00265056
0	0.14	0.893	0.506662	0.0718459	0.0810267	0.00269687
0	0.15	0.9235	0.50942	0.0857982	0.0792346	0.00275201
0	0.16	0.913	0.516805	0.0834625	0.0776585	0.00303825
0	0.17	0.908	0.52491	0.0818859	0.0756584	0.00328823
0	0.18	0.9035	0.531186	0.0827304	0.0749356	0.0031123
0	0.19	0.8825	0.544331	0.0776445	0.0723828	0.0025124
0	0.2	0.8945	0.547428	0.0831463	0.071047	0.00233237
0	0.21	0.8875	0.557687	0.0747207	0.0681766	0.00263692
0	0.22	0.909	0.554918	0.0847413	0.0678139	0.0025057
0	0.23	0.9185	0.554541	0.0862141	0.0676435	0.00268364
0	0.24	0.9385	0.549354	0.0955234	0.0693897	0.002826
0	0.25	0.943	0.55352	0.0976811	0.0683299	0.00304146
0	0.26	0.923	0.562053	0.0861282	0.0662903	0.0031897
0	0.27	0.9345	0.564021	0.0894431	0.0656784	0.00344424
0	0.28	0.9245	0.569592	0.0741244	0.0649041	0.0034642
0	0.29	0.908	0.578238	0.0615512	0.0631274	0.00286375
0	0.3	0.929	0.576633	0.0686851	0.0627185	0.00270989
0	0.31	0.947	0.575323	0.0747665	0.062235	0.00321043
0	0.32	0.951	0.575337	0.0809821	0.0624308	0.00310596
0	0.33	0.949	0.576243	0.0824403	0.0621977	0.00285838
0	0.34	0.9505	0.578992	0.0761025	0.0611335	0.00336552
0	0.35	0.945	0.582908	0.0577814	0.0603343	0.00259192
0	0.36	0.9365	0.588111	0.0550596	0.0597236	0.0017969
0	0.37	0.921	0.595715	0.050066	0.0582134	0.00162769
0	0.38	0.896	0.60623	0.0365475	0.0558114	0.000981584
0	0.39	0.9435	0.588684	0.0559089	0.0614261	0.00146733
0	0.4	0.957	0.585967	0.0548139	0.0618873	0.00196891
0	0.41	0.9695	0.582855	0.0698427	0.0625529	0.00232466
0	0.42	0.956	0.590869	0.0781368	0.059568	0.00442783
0	0.43	0.9595	0.589174	0.0770093	0.0605747	0.00489692
0	0.44	0.9565	0.589996	0.0800726	0.0605735	0.00494476
0	0.45	0.9475	0.593077	0.0773028	0.0602039	0.00436321
0	0.46	0.9545	0.590087	0.0861209	0.0614331	0.00448513
0	0.47	0.9545	0.588646	0.0894578	0.0623963	0.00425412
0	0.48	0.913	0.603355	0.0609351	0.0590096	0.00373807
0	0.49	0.923	0.603641	0.0757237	0.0575563	0.00323138
0	0.5	0.918	0.60342	0.0774001	0.058423	0.00347504
0	0.51	0.913	0.60147	0.0781166	0.0603336	0.00339704
0	0.52	0.8835	0.610001	0.0688467	0.0590937	0.00330668
0	0.53	0.866	0.613875	0.0709637	0.0591509	0.0031602
0	0.54	0.908	0.594063	0.0938848	0.0660614	0.0030556
0	0.55	0.8955	0.599304	0.0862112	0.0639517	0.00309905
0	0.56	0.91	0.594795	0.0919683	0.0642865	0.00323468
0	0.57	0.8955	0.598676	0.0843305	0.0635019	0.00316646
0	0.58	0.8995	0.590607	0.0901133	0.0678954	0.00286446
0	0.59	0.867	0.601577	0.0820798	0.0646907	0.00253131
0	0.6	0.8695	0.600165	0.0833016	0.0648132	0.0024466
0	0.61	0.863	0.602226	0.0834394	0.0642149	0.00256051
0	0.62	0.858	0.601832	0.0767084	0.0639245	0.00281029
0	0.63	0.8455	0.605007	0.0708614	0.062878	0.00289609
0	0.64	0.915	0.571901	0.0913114	0.0718826	0.00310848
0	0.65	0.8985	0.575653	0.0787942	0.0709184	0.00299231
0	0.66	0.909	0.569804	0.0739111	0.0716383	0.00329322
0	0.67	0.92	0.561525	0.0755581	0.0732423	0.00366702
0	0.68	0.95	0.551919	0.0669521	0.0730387	0.00293783
0	0.69	0.974	0.541781	0.0754783	0.0749744	0.00316095
0	0.7	0.961	0.542462	0.0765021	0.074158	0.00272861
0	0.71	0.952	0.542359	0.0805944	0.0743259	0.00201464
0	0.72	0.926	0.549989	0.0848057	0.0723337	0.00219389
0	0.73	0.9095	0.554982	0.0809962	0.0707244	0.00248286
0	0.74	0.879	0.558314	0.0712489	0.0709002	0.00234205
0	0.75	0.887	0.550796	0.077485	0.0720818	0.00274278
0	0.76	0.8865	0.543906	0.0834021	0.0745514	0.00246442
0	0.77	0.897	0.539887	0.0891563	0.07506	0.00238519
0	0.78	0.8815	0.53965	0.0833613	0.0754434	0.00221342
0	0.79	0.88	0.533729	0.0917161	0.0773859	0.00289878
0	0.8	0.896	0.515466	0.0993217	0.0807832	0.00305172
0	0.81	0.886	0.516835	0.095125	0.0798603	0.00323318
0	0.82	0.8865	0.515709	0.0953396	0.078839	0.00309552
0	0.83	0.886	0.512013	0.095822	0.0793919	0.00302696
0	0.84	0.8695	0.512788	0.0851985	0.0800768	0.00339851
0	0.85	0.8745	0.509357	0.0882447	0.0802262	0.00318919
0	0.86	0.8815	0.49955	0.0814625	0.0814512	0.00385547
0	0.87	0.8865	0.488569	0.0815845	0.083569	0.00392732
0	0.88	0.8935	0.476429	0.0815068	0.0851707	0.00408689
0	0.89	0.908	0.466378	0.0855382	0.0869042	0.00461693
0	0.9	0.936	0.450379	0.107331	0.0883708	0.00443732
0	0.91	0.9195	0.445583	0.0977456	0.0891699	0.0039339
0	0.92	0.9265	0.439028	0.090258	0.0901285	0.00323306
0	0.93	0.9155	0.43578	0.0841866	0.0909268	0.00316514
0	0.94	0.9115	0.434501	0.0808503	0.0916228	0.00291626
0	0.95	0.907	0.432496	0.0785204	0.0918244	0.0028294
0	0.96	0.9195	0.420416	0.0837303	0.0944261	0.00301285
0	0.97	0.915	0.413853	0.0754994	0.0945028	0.00294274
0	0.98	0.9095	0.411559	0.070209	0.0953795	0.00299885
0	0.99	0.913	0.394621	0.0609375	0.0968598	0.00337519
